Sta0205.cnv
* Sea-Bird SBE 9 Data File:
* FileName = C:\Seabird\CTDDATA\Sta0205.hex
* Software Version Seasave V 7.26.7.107
* Temperature SN = 4535
* Conductivity SN = 4386
* Number of Bytes Per Scan = 44
* Number of Voltage Words = 5
* Number of Scans Averaged by the Deck Unit = 1
* NMEA Latitude = 80 37.39 N
* NMEA Longitude = 014 06.30 E
* NMEA UTC (Time) = Nov 05 2020 07:51:00
* NMEA baud rate = 9600
** Ship: "Kronprins Haakon"
** Station: 0205
** Echodepth: 181
** Log: 4955.78
** Moonpool(M)/Skuteside(S): S
** Wind-Dir Force(m/s): 10 12
** Air-temp (dry): 1.5
** Weather Sky:
** Sea Ice:
# nquan = 20                                
# nvalues = 172                         
# units = specified
# name 0 = prDM: Pressure, Digiquartz [db]
# name 1 = t068C: Temperature [IPTS-68, deg C]
# name 2 = t168C: Temperature, 2 [IPTS-68, deg C]
# name 3 = c0S/m: Conductivity [S/m]
# name 4 = c1S/m: Conductivity, 2 [S/m]
# name 5 = sbeox0V: Oxygen raw, SBE 43 [V]
# name 6 = sbeox1V: Oxygen raw, SBE 43, 2 [V]
# name 7 = wetCDOM: Fluorescence, WET Labs CDOM [mg/m^3]
# name 8 = CStarTr0: Beam Transmission, WET Labs C-Star [%]
# name 9 = altM: Altimeter [m]
# name 10 = par: PAR/Irradiance, Biospherical/Licor [umol photons/m^2/sec]
# name 11 = spar: SPAR, Biospherical/Licor [umol photons/m^2/sec]
# name 12 = sbeox0ML/L: Oxygen, SBE 43 [ml/l], WS = 2
# name 13 = sbeox1ML/L: Oxygen, SBE 43, 2 [ml/l], WS = 2
# name 14 = sal00: Salinity, Practical [PSU]
# name 15 = sal11: Salinity, Practical, 2 [PSU]
# name 16 = sigma-é00: Density [sigma-theta, kg/m^3]
# name 17 = svCM: Sound Velocity [Chen-Millero, m/s]
# name 18 = avgsvCM: Average Sound Velocity [Chen-Millero, m/s], minP = 1, minS = 20
# name 19 = flag: flag
# span 0 =      6.000,    177.000       
# span 1 =     3.7351,     4.9851       
# span 2 =     3.7345,     4.9854       
# span 3 =   3.203821,   3.346457       
# span 4 =   3.203732,   3.346324       
# span 5 =     2.4204,     2.5346       
# span 6 =     2.3916,     2.5060       
# span 7 =     1.5781,     1.8028       
# span 8 =    91.7704,    94.7811       
# span 9 =       5.51,      98.63       
# span 10 = 5.0749e-02, 5.0749e-02      
# span 11 = 0.0000e+00, 0.0000e+00      
# span 12 =     6.6921,     7.1686      
# span 13 =     6.6438,     7.1194      
# span 14 =    34.6607,    34.9986      
# span 15 =    34.6603,    34.9977      
# span 16 =    27.5436,    27.7037      
# span 17 =    1465.24,    1472.65      
# span 18 =    1465.29,    1469.90      
# span 19 = 0.0000e+00, 0.0000e+00      
# interval = decibars: 1                
# start_time = Nov 05 2020 07:51:01 [System UTC, first data scan.]
# bad_flag = -9.990e-29
*END*
[from data line 145]
    151.000     4.7720     4.7719   3.331479   3.331375     2.4290     2.3988     1.6736    94.4400      31.69 5.0749e-02 0.0000e+00     6.7043     6.6438    34.9969    34.9958    27.7007    1472.27    1469.47 0.0000e+00
    152.000     4.7650     4.7680   3.330948   3.331114     2.4288     2.3977     1.6566    94.4400      30.67 5.0749e-02 0.0000e+00     6.7045     6.6505    34.9976    34.9963    27.7020    1472.26    1469.48 0.0000e+00
    153.000     4.7600     4.7598   3.330569   3.330474     2.4281     2.3977     1.6471    94.4378      29.63 5.0749e-02 0.0000e+00     6.7000     6.6607    34.9979    34.9970    27.7028    1472.25    1469.50 0.0000e+00
    154.000     4.7602     4.7589   3.330648   3.330440     2.4275     2.3981     1.6792    94.4336      28.63 5.0749e-02 0.0000e+00     6.7034     6.6616    34.9981    34.9970    27.7029    1472.27    1469.52 0.0000e+00
    155.000     4.7607     4.7603   3.330726   3.330612     2.4275     2.3979     1.6451    94.4568      27.75 5.0749e-02 0.0000e+00     6.7091     6.6537    34.9979    34.9970    27.7028    1472.29    1469.54 0.0000e+00
    156.000     4.7598     4.7592   3.330703   3.330567     2.4277     2.3968     1.6528    94.4376      26.68 5.0749e-02 0.0000e+00     6.7118     6.6521    34.9981    34.9971    27.7030    1472.30    1469.56 0.0000e+00
    157.000     4.7592     4.7587   3.330693   3.330566     2.4278     2.3966     1.7620    94.4483      25.67 5.0749e-02 0.0000e+00     6.7060     6.6584    34.9980    34.9971    27.7030    1472.32    1469.57 0.0000e+00
    158.000     4.7591     4.7586   3.330726   3.330603     2.4270     2.3967     1.5974    94.4483      24.76 5.0749e-02 0.0000e+00     6.6979     6.6560    34.9980    34.9971    27.7030    1472.33    1469.59 0.0000e+00
    159.000     4.7590     4.7585   3.330770   3.330634     2.4260     2.3959     1.6820    94.4480      23.68 5.0749e-02 0.0000e+00     6.6983     6.6535    34.9981    34.9970    27.7031    1472.35    1469.61 0.0000e+00
    160.000     4.7585     4.7582   3.330779   3.330660     2.4257     2.3962     1.6316    94.4483      22.67 5.0749e-02 0.0000e+00     6.7022     6.6666    34.9982    34.9971    27.7033    1472.36    1469.62 0.0000e+00
    161.000     4.7584     4.7580   3.330825   3.330695     2.4254     2.3976     1.6231    94.4526      21.66 5.0749e-02 0.0000e+00     6.7036     6.6684    34.9983    34.9972    27.7034    1472.38    1469.64 0.0000e+00
    162.000     4.7581     4.7577   3.330839   3.330701     2.4252     2.3967     1.7409    94.4444      20.66 5.0749e-02 0.0000e+00     6.7029     6.6516    34.9982    34.9971    27.7034    1472.39    1469.66 0.0000e+00
    163.000     4.7580     4.7576   3.330880   3.330742     2.4249     2.3953     1.7348    94.4659      19.67 5.0749e-02 0.0000e+00     6.6996     6.6467    34.9983    34.9971    27.7034    1472.41    1469.68 0.0000e+00
    164.000     4.7579     4.7575   3.330921   3.330787     2.4244     2.3937     1.6733    94.4628      18.78 5.0749e-02 0.0000e+00     6.7003     6.6445    34.9983    34.9972    27.7035    1472.43    1469.69 0.0000e+00
    165.000     4.7578     4.7573   3.330955   3.330817     2.4239     2.3933     1.6330    94.4455      17.74 5.0749e-02 0.0000e+00     6.6991     6.6495    34.9983    34.9972    27.7035    1472.44    1469.71 0.0000e+00
    166.000     4.7577     4.7574   3.331001   3.330872     2.4235 -9.990e-29     1.5940    94.4421      16.72 5.0749e-02 0.0000e+00     6.6969 -9.990e-29    34.9984    34.9972    27.7036    1472.46    1469.73 0.0000e+00
    167.000     4.7581     4.7577   3.331089   3.330956     2.4229 -9.990e-29     1.6032    94.4476      15.72 5.0749e-02 0.0000e+00     6.6970 -9.990e-29    34.9985    34.9974    27.7036    1472.48    1469.74 0.0000e+00
    168.000     4.7584     4.7579   3.331157   3.331038     2.4228 -9.990e-29     1.6555    94.4418      14.71 5.0749e-02 0.0000e+00     6.7037 -9.990e-29    34.9984    34.9976    27.7035    1472.49    1469.76 0.0000e+00
    169.000     4.7585     4.7581   3.331218   3.331113     2.4228     2.3939     1.6283    94.4452      13.72 5.0749e-02 0.0000e+00     6.7058     6.6473    34.9985    34.9977    27.7036    1472.51    1469.77 0.0000e+00
    170.000     4.7585     4.7582   3.331275   3.331159 -9.990e-29     2.3927     1.7124    94.4538      12.68 5.0749e-02 0.0000e+00 -9.990e-29     6.6454    34.9986    34.9976    27.7037    1472.53    1469.79 0.0000e+00
    171.000     4.7586     4.7583   3.331324   3.331204 -9.990e-29     2.3921     1.7112    94.4399      11.64 5.0749e-02 0.0000e+00 -9.990e-29     6.6584    34.9986    34.9975    27.7037    1472.54    1469.81 0.0000e+00
    172.000     4.7586     4.7582   3.331366   3.331231     2.4225     2.3935     1.6800    94.4437      10.58 5.0749e-02 0.0000e+00     6.6921     6.6642    34.9985    34.9974    27.7036    1472.56    1469.82 0.0000e+00
    173.000     4.7587     4.7582   3.331417   3.331282     2.4216 -9.990e-29     1.6246    94.4304       9.53 5.0749e-02 0.0000e+00     6.6927 -9.990e-29    34.9985    34.9974    27.7036    1472.58    1469.84 0.0000e+00
    174.000     4.7587     4.7583   3.331467   3.331338     2.4209 -9.990e-29     1.5993    94.4564       8.55 5.0749e-02 0.0000e+00     6.6979 -9.990e-29    34.9985    34.9975    27.7036    1472.59    1469.85 0.0000e+00
    175.000     4.7587     4.7583   3.331510   3.331382     2.4204     2.3926     1.6474    94.4500       7.56 5.0749e-02 0.0000e+00     6.6982     6.6552    34.9985    34.9974    27.7036    1472.61    1469.87 0.0000e+00
    176.000     4.7588     4.7583   3.331567   3.331413 -9.990e-29     2.3920     1.7124    94.4380       6.55 5.0749e-02 0.0000e+00 -9.990e-29     6.6559    34.9985    34.9973    27.7036    1472.63    1469.89 0.0000e+00
    177.000     4.7588     4.7584   3.331613   3.331494     2.4207     2.3916     1.6888    94.4362       5.51 5.0749e-02 0.0000e+00     6.7012     6.6546    34.9985    34.9976    27.7037    1472.64    1469.90 0.0000e+00
