Sta0205.cnv
* Sea-Bird SBE 9 Data File:
* FileName = C:\Seabird\CTDDATA\Sta0205.hex
* Software Version Seasave V 7.26.7.107
* Temperature SN = 4535
* Conductivity SN = 4386
* Number of Bytes Per Scan = 44
* Number of Voltage Words = 5
* Number of Scans Averaged by the Deck Unit = 1
* NMEA Latitude = 80 37.39 N
* NMEA Longitude = 014 06.30 E
* NMEA UTC (Time) = Nov 05 2020 07:51:00
* NMEA baud rate = 9600
** Ship: "Kronprins Haakon"
** Station: 0205
** Echodepth: 181
** Log: 4955.78
** Moonpool(M)/Skuteside(S): S
** Wind-Dir Force(m/s): 10 12
** Air-temp (dry): 1.5
** Weather Sky:
** Sea Ice:
# nquan = 20                                
# nvalues = 172                         
# units = specified
# name 0 = prDM: Pressure, Digiquartz [db]
# name 1 = t068C: Temperature [IPTS-68, deg C]
# name 2 = t168C: Temperature, 2 [IPTS-68, deg C]
# name 3 = c0S/m: Conductivity [S/m]
# name 4 = c1S/m: Conductivity, 2 [S/m]
# name 5 = sbeox0V: Oxygen raw, SBE 43 [V]
# name 6 = sbeox1V: Oxygen raw, SBE 43, 2 [V]
# name 7 = wetCDOM: Fluorescence, WET Labs CDOM [mg/m^3]
# name 8 = CStarTr0: Beam Transmission, WET Labs C-Star [%]
# name 9 = altM: Altimeter [m]
# name 10 = par: PAR/Irradiance, Biospherical/Licor [umol photons/m^2/sec]
# name 11 = spar: SPAR, Biospherical/Licor [umol photons/m^2/sec]
# name 12 = sbeox0ML/L: Oxygen, SBE 43 [ml/l], WS = 2
# name 13 = sbeox1ML/L: Oxygen, SBE 43, 2 [ml/l], WS = 2
# name 14 = sal00: Salinity, Practical [PSU]
# name 15 = sal11: Salinity, Practical, 2 [PSU]
# name 16 = sigma-é00: Density [sigma-theta, kg/m^3]
# name 17 = svCM: Sound Velocity [Chen-Millero, m/s]
# name 18 = avgsvCM: Average Sound Velocity [Chen-Millero, m/s], minP = 1, minS = 20
# name 19 = flag: flag
# span 0 =      6.000,    177.000       
# span 1 =     3.7351,     4.9851       
# span 2 =     3.7345,     4.9854       
# span 3 =   3.203821,   3.346457       
# span 4 =   3.203732,   3.346324       
# span 5 =     2.4204,     2.5346       
# span 6 =     2.3916,     2.5060       
# span 7 =     1.5781,     1.8028       
# span 8 =    91.7704,    94.7811       
# span 9 =       5.51,      98.63       
# span 10 = 5.0749e-02, 5.0749e-02      
# span 11 = 0.0000e+00, 0.0000e+00      
# span 12 =     6.6921,     7.1686      
# span 13 =     6.6438,     7.1194      
# span 14 =    34.6607,    34.9986      
# span 15 =    34.6603,    34.9977      
# span 16 =    27.5436,    27.7037      
# span 17 =    1465.24,    1472.65      
# span 18 =    1465.29,    1469.90      
# span 19 = 0.0000e+00, 0.0000e+00      
# interval = decibars: 1                
# start_time = Nov 05 2020 07:51:01 [System UTC, first data scan.]
# bad_flag = -9.990e-29
*END*
[from data line 73]
     79.000     4.6663     4.6610   3.309028   3.308345     2.5043     2.4760     1.6023    94.6971      98.62 5.0749e-02 0.0000e+00     6.9202     6.8790    34.8846    34.8822    27.6228    1470.51    1467.43 0.0000e+00
     80.000     4.6760     4.6752   3.310093   3.309914     2.5038     2.4752     1.6530    94.6758      98.61 5.0749e-02 0.0000e+00     6.9225     6.8789    34.8863    34.8850    27.6231    1470.57    1467.47 0.0000e+00
     81.000     4.6769     4.6762   3.310214   3.310094     2.5032     2.4740     1.6847    94.7233      98.62 5.0749e-02 0.0000e+00     6.9201     6.8680    34.8862    34.8855    27.6229    1470.59    1467.50 0.0000e+00
     82.000     4.6774     4.6769   3.310307   3.310192     2.5026     2.4723     1.6835    94.7447      98.62 5.0749e-02 0.0000e+00     6.9184     6.8698    34.8862    34.8854    27.6229    1470.61    1467.54 0.0000e+00
     83.000     4.6817     4.6819   3.310794   3.310769     2.5020     2.4722     1.7086    94.7272      98.59 5.0749e-02 0.0000e+00     6.9153     6.8753    34.8869    34.8864    27.6229    1470.65    1467.58 0.0000e+00
     84.000     4.6872     4.6895   3.311413   3.311600     2.5014     2.4720     1.6158    94.7335      98.19 5.0749e-02 0.0000e+00     6.9142     6.8687    34.8878    34.8875    27.6230    1470.69    1467.62 0.0000e+00
     85.000     4.6952     4.6954   3.312299   3.312249     2.5006     2.4712     1.6845    94.7333      97.52 5.0749e-02 0.0000e+00     6.9115     6.8675    34.8892    34.8884    27.6232    1470.74    1467.65 0.0000e+00
     86.000     4.6990     4.6989   3.312739   3.312650     2.5004     2.4711     1.6928    94.7249      96.47 5.0749e-02 0.0000e+00     6.9136     6.8696    34.8898    34.8888    27.6233    1470.77    1467.69 0.0000e+00
     87.000     4.6984     4.6985   3.312724   3.312653     2.4998     2.4704     1.6362    94.7442      95.44 5.0749e-02 0.0000e+00     6.9059     6.8596    34.8897    34.8888    27.6233    1470.78    1467.72 0.0000e+00
     88.000     4.7006     4.7001   3.312978   3.312877     2.4988     2.4688     1.6455    94.7357      94.33 5.0749e-02 0.0000e+00     6.9019     6.8538    34.8898    34.8892    27.6232    1470.81    1467.76 0.0000e+00
     89.000     4.7028     4.7026   3.313254   3.313157     2.4980     2.4678     1.6900    94.7356      93.41 5.0749e-02 0.0000e+00     6.9072     6.8616    34.8902    34.8893    27.6232    1470.83    1467.79 0.0000e+00
     90.000     4.7060     4.7072   3.313633   3.313694     2.4978     2.4688     1.6363    94.7240      92.84 5.0749e-02 0.0000e+00     6.9056     6.8749    34.8907    34.8902    27.6233    1470.86    1467.83 0.0000e+00
     91.000     4.7106     4.7127   3.314137   3.314287     2.4973     2.4700     1.5890    94.7328      91.73 5.0749e-02 0.0000e+00     6.9061     6.8706    34.8912    34.8908    27.6232    1470.90    1467.86 0.0000e+00
     92.000     4.7124     4.7122   3.314369   3.314303     2.4972     2.4696     1.5994    94.7356      90.38 5.0749e-02 0.0000e+00     6.9063     6.8690    34.8915    34.8909    27.6232    1470.92    1467.89 0.0000e+00
     93.000     4.7195     4.7202   3.315146   3.315156     2.4970     2.4700     1.6499    94.7278      89.40 5.0749e-02 0.0000e+00     6.9071     6.8693    34.8926    34.8919    27.6233    1470.97    1467.93 0.0000e+00
     94.000     4.7225     4.7229   3.315521   3.315492     2.4971     2.4694     1.6544    94.7307      88.27 5.0749e-02 0.0000e+00     6.9066     6.8618    34.8933    34.8925    27.6235    1471.00    1467.96 0.0000e+00
     95.000     4.7260     4.7255   3.315938   3.315798     2.4965     2.4689     1.6276    94.7449      87.31 5.0749e-02 0.0000e+00     6.9013     6.8685    34.8939    34.8928    27.6236    1471.03    1467.99 0.0000e+00
     96.000     4.7363     4.7360   3.317074   3.316949     2.4963     2.4699     1.6716    94.7447      86.49 5.0749e-02 0.0000e+00     6.9003     6.8709    34.8958    34.8947    27.6240    1471.09    1468.03 0.0000e+00
     97.000     4.7424     4.7440   3.317805   3.317908     2.4958     2.4693     1.7052    94.7406      85.21 5.0749e-02 0.0000e+00     6.8992     6.8640    34.8974    34.8969    27.6245    1471.14    1468.06 0.0000e+00
     98.000     4.7539     4.7534   3.319139   3.319019     2.4955     2.4694     1.6379    94.7295      84.19 5.0749e-02 0.0000e+00     6.8960     6.8630    34.9003    34.8994    27.6256    1471.20    1468.09 0.0000e+00
     99.000     4.7572     4.7571   3.319584   3.319490     2.4951     2.4689     1.6475    94.7407      83.27 5.0749e-02 0.0000e+00     6.8913     6.8577    34.9015    34.9005    27.6261    1471.23    1468.12 0.0000e+00
    100.000     4.7602     4.7586   3.319946   3.319711     2.4941     2.4679     1.7187    94.7398      82.35 5.0749e-02 0.0000e+00     6.8862     6.8562    34.9020    34.9010    27.6262    1471.26    1468.15 0.0000e+00
    101.000     4.7692     4.7703   3.320982   3.320993     2.4936     2.4677     1.6967    94.7285      81.37 5.0749e-02 0.0000e+00     6.8896     6.8567    34.9041    34.9031    27.6269    1471.32    1468.18 0.0000e+00
    102.000     4.7757     4.7753   3.321723   3.321620     2.4934     2.4672     1.7398    94.7262      80.47 5.0749e-02 0.0000e+00     6.8913     6.8477    34.9054    34.9046    27.6272    1471.36    1468.21 0.0000e+00
    103.000     4.7758     4.7762   3.321773   3.321753     2.4934     2.4655     1.7078    94.7262      79.29 5.0749e-02 0.0000e+00     6.8931     6.8419    34.9053    34.9047    27.6271    1471.38    1468.25 0.0000e+00
    104.000     4.7752     4.7749   3.321771   3.321649     2.4931     2.4648     1.6527    94.7478      78.19 5.0749e-02 0.0000e+00     6.8893     6.8461    34.9054    34.9043    27.6272    1471.40    1468.28 0.0000e+00
    105.000     4.7753     4.7748   3.321816   3.321623     2.4929     2.4642     1.6491    94.7529      77.25 5.0749e-02 0.0000e+00     6.8879     6.8462    34.9053    34.9036    27.6272    1471.41    1468.31 0.0000e+00
    106.000     4.7750     4.7746   3.321824   3.321703     2.4923     2.4640     1.5981    94.7443      76.35 5.0749e-02 0.0000e+00     6.8851     6.8477    34.9052    34.9042    27.6271    1471.43    1468.33 0.0000e+00
    107.000     4.7757     4.7756   3.321943   3.321868     2.4916     2.4635     1.6188    94.7369      75.29 5.0749e-02 0.0000e+00     6.8827     6.8393    34.9053    34.9045    27.6271    1471.45    1468.36 0.0000e+00
    108.000     4.7770     4.7773   3.322142   3.322100     2.4910     2.4618     1.6239    94.7479      74.29 5.0749e-02 0.0000e+00     6.8846     6.8335    34.9057    34.9049    27.6273    1471.47    1468.39 0.0000e+00
    109.000     4.7827     4.7828   3.322823   3.322770     2.4908     2.4613     1.6607    94.7533      73.37 5.0749e-02 0.0000e+00     6.8888     6.8401    34.9071    34.9064    27.6278    1471.51    1468.42 0.0000e+00
    110.000     4.7875     4.7869   3.323404   3.323260     2.4909     2.4613     1.6729    94.7385      72.34 5.0749e-02 0.0000e+00     6.8871     6.8449    34.9083    34.9073    27.6282    1471.55    1468.45 0.0000e+00
    111.000     4.7989     4.7996   3.324741   3.324722     2.4905     2.4620     1.6451    94.7540      71.42 5.0749e-02 0.0000e+00     6.8794     6.8405    34.9114    34.9104    27.6293    1471.61    1468.48 0.0000e+00
    112.000     4.8133     4.8139   3.326379   3.326346     2.4900     2.4607     1.6340    94.7643      70.41 5.0749e-02 0.0000e+00     6.8773     6.8221    34.9148    34.9138    27.6304    1471.69    1468.51 0.0000e+00
    113.000     4.8154     4.8145   3.326656   3.326493     2.4895     2.4593     1.6889    94.7532      69.37 5.0749e-02 0.0000e+00     6.8718     6.8259    34.9153    34.9143    27.6306    1471.72    1468.53 0.0000e+00
    114.000     4.8179     4.8180   3.326960   3.326908     2.4886     2.4589     1.7100    94.7511      68.38 5.0749e-02 0.0000e+00     6.8697     6.8300    34.9157    34.9150    27.6306    1471.75    1468.56 0.0000e+00
    115.000     4.8327     4.8319   3.328633   3.328454     2.4878     2.4591     1.6871    94.7522      67.39 5.0749e-02 0.0000e+00     6.8643     6.8314    34.9191    34.9178    27.6316    1471.83    1468.59 0.0000e+00
    116.000     4.8444     4.8446   3.329972   3.329905     2.4872     2.4594     1.5934    94.7522      66.33 5.0749e-02 0.0000e+00     6.8640     6.8275    34.9218    34.9208    27.6325    1471.90    1468.62 0.0000e+00
    117.000     4.8628     4.8616   3.331999   3.331759     2.4867     2.4585     1.5909    94.7522      65.27 5.0749e-02 0.0000e+00     6.8583     6.8131    34.9256    34.9240    27.6333    1471.99    1468.65 0.0000e+00
    118.000     4.8934     4.8909   3.335448   3.335027     2.4860     2.4571     1.6670    94.7528      64.31 5.0749e-02 0.0000e+00     6.8549     6.8051    34.9330    34.9307    27.6357    1472.14    1468.68 0.0000e+00
    119.000     4.9301     4.9339   3.339544   3.339830     2.4861     2.4564     1.6852    94.7455      63.39 5.0749e-02 0.0000e+00     6.8540     6.8042    34.9415    34.9409    27.6383    1472.32    1468.71 0.0000e+00
    120.000     4.9453     4.9460   3.341258   3.341225     2.4860     2.4568     1.6457    94.7647      62.46 5.0749e-02 0.0000e+00     6.8422     6.7980    34.9450    34.9438    27.6392    1472.40    1468.74 0.0000e+00
    121.000     4.9537     4.9513   3.342199   3.341853     2.4849     2.4549     1.6389    94.7642      61.37 5.0749e-02 0.0000e+00     6.8283     6.7812    34.9465    34.9450    27.6395    1472.45    1468.77 0.0000e+00
    122.000     4.9732     4.9739   3.344439   3.344378     2.4830     2.4527     1.6211    94.7544      60.31 5.0749e-02 0.0000e+00     6.8112     6.7694    34.9515    34.9501    27.6412    1472.56    1468.80 0.0000e+00
    123.000     4.9851     4.9854   3.346323   3.346264     2.4809     2.4509     1.5971    94.7749      59.30 5.0749e-02 0.0000e+00     6.8045     6.7692    34.9604    34.9594    27.6469    1472.63    1468.83 0.0000e+00
    124.000     4.9738     4.9730   3.346158   3.346036     2.4791     2.4502     1.6621    94.7609      58.30 5.0749e-02 0.0000e+00     6.8037     6.7681    34.9698    34.9692    27.6557    1472.61    1468.86 0.0000e+00
    125.000     4.9704     4.9703   3.346079   3.345980     2.4773     2.4479     1.6731    94.7612      57.37 5.0749e-02 0.0000e+00     6.7931     6.7470    34.9719    34.9709    27.6578    1472.62    1468.89 0.0000e+00
    126.000     4.9694     4.9687   3.346277   3.346121     2.4747     2.4440     1.6219    94.7811      56.40 5.0749e-02 0.0000e+00     6.7721     6.7274    34.9747    34.9737    27.6601    1472.64    1468.92 0.0000e+00
    127.000     4.9678     4.9672   3.346457   3.346324     2.4713     2.4399     1.6500    94.7524      55.45 5.0749e-02 0.0000e+00     6.7564     6.7142    34.9780    34.9771    27.6629    1472.65    1468.95 0.0000e+00
    128.000     4.9389     4.9382   3.344226   3.344138     2.4680     2.4364     1.6810    94.7565      54.44 5.0749e-02 0.0000e+00     6.7515     6.7091    34.9819    34.9816    27.6694    1472.55    1468.98 0.0000e+00
    129.000     4.8939     4.8924   3.340563   3.340383     2.4645     2.4323     1.5781    94.7407      53.49 5.0749e-02 0.0000e+00     6.7442     6.7003    34.9861    34.9856    27.6779    1472.39    1469.01 0.0000e+00
    130.000     4.8687     4.8682   3.338502   3.338408     2.4608     2.4283     1.5847    94.7108      52.48 5.0749e-02 0.0000e+00     6.7385     6.6912    34.9881    34.9875    27.6824    1472.31    1469.03 0.0000e+00
    131.000     4.8295     4.8294   3.335313   3.335264     2.4573     2.4238     1.6205    94.6822      51.43 5.0749e-02 0.0000e+00     6.7330     6.6818    34.9917    34.9912    27.6898    1472.17    1469.05 0.0000e+00
    132.000     4.8120     4.8070   3.333901   3.333446     2.4533     2.4194     1.6424    94.6638      50.51 5.0749e-02 0.0000e+00     6.7209     6.6726    34.9932    34.9931    27.6929    1472.12    1469.08 0.0000e+00
    133.000     4.7946     4.7953   3.332486   3.332457     2.4496     2.4150     1.6927    94.6112      49.54 5.0749e-02 0.0000e+00     6.7188     6.6660    34.9945    34.9934    27.6960    1472.06    1469.10 0.0000e+00
    134.000     4.7911     4.7911   3.332221   3.332144     2.4465     2.4119     1.7091    94.6040      48.48 5.0749e-02 0.0000e+00     6.7181     6.6600    34.9945    34.9936    27.6964    1472.07    1469.12 0.0000e+00
    135.000     4.7920     4.7913   3.332346   3.332214     2.4440     2.4088     1.6886    94.5541      47.47 5.0749e-02 0.0000e+00     6.7144     6.6586    34.9945    34.9937    27.6963    1472.09    1469.14 0.0000e+00
    136.000     4.7905     4.7903   3.332275   3.332174     2.4419     2.4074     1.7127    94.5418      46.59 5.0749e-02 0.0000e+00     6.7143     6.6631    34.9947    34.9938    27.6967    1472.10    1469.17 0.0000e+00
    137.000     4.7882     4.7877   3.332137   3.332021     2.4405     2.4066     1.6377    94.5188      45.49 5.0749e-02 0.0000e+00     6.7155     6.6660    34.9950    34.9942    27.6972    1472.10    1469.19 0.0000e+00
    138.000     4.7869     4.7863   3.332073   3.331939     2.4389     2.4063     1.6943    94.4875      44.52 5.0749e-02 0.0000e+00     6.7112     6.6662    34.9951    34.9942    27.6974    1472.11    1469.21 0.0000e+00
    139.000     4.7872     4.7882   3.332148   3.332170     2.4377     2.4054     1.6673    94.4878      43.53 5.0749e-02 0.0000e+00     6.7121     6.6584    34.9951    34.9943    27.6974    1472.13    1469.23 0.0000e+00
    140.000     4.7887     4.7892   3.332336   3.332322     2.4367     2.4042     1.7085    94.4723      42.51 5.0749e-02 0.0000e+00     6.7084     6.6570    34.9952    34.9945    27.6973    1472.16    1469.25 0.0000e+00
    141.000     4.7888     4.7881   3.332404   3.332275     2.4356     2.4033     1.6947    94.4667      41.49 5.0749e-02 0.0000e+00     6.7072     6.6560    34.9953    34.9946    27.6974    1472.17    1469.27 0.0000e+00
    142.000     4.7868     4.7857   3.332282   3.332109     2.4347     2.4029     1.6793    94.4696      40.59 5.0749e-02 0.0000e+00     6.7086     6.6644    34.9955    34.9946    27.6978    1472.18    1469.29 0.0000e+00
    143.000     4.7832     4.7830   3.332033   3.331951     2.4342     2.4038     1.7054    94.4474      39.57 5.0749e-02 0.0000e+00     6.7079     6.6706    34.9959    34.9951    27.6985    1472.18    1469.31 0.0000e+00
    144.000     4.7762     4.7754   3.331464   3.331322     2.4332     2.4037     1.6868    94.4367      38.54 5.0749e-02 0.0000e+00     6.7017     6.6618    34.9961    34.9952    27.6994    1472.17    1469.33 0.0000e+00
    145.000     4.7763     4.7754   3.331534   3.331350     2.4321     2.4023     1.6914    94.4181      37.67 5.0749e-02 0.0000e+00     6.7009     6.6564    34.9962    34.9950    27.6996    1472.19    1469.35 0.0000e+00
    146.000     4.7791     4.7784   3.331833   3.331668     2.4313     2.4020     1.6885    94.4402      36.58 5.0749e-02 0.0000e+00     6.7049     6.6603    34.9962    34.9951    27.6993    1472.22    1469.37 0.0000e+00
    147.000     4.7790     4.7790   3.331869   3.331775     2.4311     2.4011     1.7110    94.4399      35.55 5.0749e-02 0.0000e+00     6.7055     6.6590    34.9962    34.9951    27.6993    1472.23    1469.39 0.0000e+00
    148.000     4.7765     4.7770   3.331719   3.331675     2.4306     2.4016     1.6323    94.4377      34.60 5.0749e-02 0.0000e+00     6.7027     6.6710    34.9966    34.9955    27.6998    1472.24    1469.41 0.0000e+00
    149.000     4.7749     4.7750   3.331642   3.331553     2.4300     2.4027     1.6975    94.4400      33.71 5.0749e-02 0.0000e+00     6.6999     6.6689    34.9968    34.9957    27.7002    1472.25    1469.43 0.0000e+00
