Sta0205.cnv
* Sea-Bird SBE 9 Data File:
* FileName = C:\Seabird\CTDDATA\Sta0205.hex
* Software Version Seasave V 7.26.7.107
* Temperature SN = 4535
* Conductivity SN = 4386
* Number of Bytes Per Scan = 44
* Number of Voltage Words = 5
* Number of Scans Averaged by the Deck Unit = 1
* NMEA Latitude = 80 37.39 N
* NMEA Longitude = 014 06.30 E
* NMEA UTC (Time) = Nov 05 2020 07:51:00
* NMEA baud rate = 9600
** Ship: "Kronprins Haakon"
** Station: 0205
** Echodepth: 181
** Log: 4955.78
** Moonpool(M)/Skuteside(S): S
** Wind-Dir Force(m/s): 10 12
** Air-temp (dry): 1.5
** Weather Sky:
** Sea Ice:
# nquan = 20                                
# nvalues = 172                         
# units = specified
# name 0 = prDM: Pressure, Digiquartz [db]
# name 1 = t068C: Temperature [IPTS-68, deg C]
# name 2 = t168C: Temperature, 2 [IPTS-68, deg C]
# name 3 = c0S/m: Conductivity [S/m]
# name 4 = c1S/m: Conductivity, 2 [S/m]
# name 5 = sbeox0V: Oxygen raw, SBE 43 [V]
# name 6 = sbeox1V: Oxygen raw, SBE 43, 2 [V]
# name 7 = wetCDOM: Fluorescence, WET Labs CDOM [mg/m^3]
# name 8 = CStarTr0: Beam Transmission, WET Labs C-Star [%]
# name 9 = altM: Altimeter [m]
# name 10 = par: PAR/Irradiance, Biospherical/Licor [umol photons/m^2/sec]
# name 11 = spar: SPAR, Biospherical/Licor [umol photons/m^2/sec]
# name 12 = sbeox0ML/L: Oxygen, SBE 43 [ml/l], WS = 2
# name 13 = sbeox1ML/L: Oxygen, SBE 43, 2 [ml/l], WS = 2
# name 14 = sal00: Salinity, Practical [PSU]
# name 15 = sal11: Salinity, Practical, 2 [PSU]
# name 16 = sigma-é00: Density [sigma-theta, kg/m^3]
# name 17 = svCM: Sound Velocity [Chen-Millero, m/s]
# name 18 = avgsvCM: Average Sound Velocity [Chen-Millero, m/s], minP = 1, minS = 20
# name 19 = flag: flag
# span 0 =      6.000,    177.000       
# span 1 =     3.7351,     4.9851       
# span 2 =     3.7345,     4.9854       
# span 3 =   3.203821,   3.346457       
# span 4 =   3.203732,   3.346324       
# span 5 =     2.4204,     2.5346       
# span 6 =     2.3916,     2.5060       
# span 7 =     1.5781,     1.8028       
# span 8 =    91.7704,    94.7811       
# span 9 =       5.51,      98.63       
# span 10 = 5.0749e-02, 5.0749e-02      
# span 11 = 0.0000e+00, 0.0000e+00      
# span 12 =     6.6921,     7.1686      
# span 13 =     6.6438,     7.1194      
# span 14 =    34.6607,    34.9986      
# span 15 =    34.6603,    34.9977      
# span 16 =    27.5436,    27.7037      
# span 17 =    1465.24,    1472.65      
# span 18 =    1465.29,    1469.90      
# span 19 = 0.0000e+00, 0.0000e+00      
# interval = decibars: 1                
# start_time = Nov 05 2020 07:51:01 [System UTC, first data scan.]
# bad_flag = -9.990e-29
*END*
      6.000     3.7639     3.7715   3.207739   3.207916     2.5093     2.5042     1.6609    91.7704      98.61 5.0749e-02 0.0000e+00     7.1077     7.0968    34.6804    34.6744    27.5563    1465.32    1465.32 0.0000e+00
      7.000     3.7511     3.7518   3.205544   3.205540     2.5304     2.5048     1.6935    93.4826      98.61 5.0749e-02 0.0000e+00     7.1408     7.1088    34.6671    34.6663    27.5470    1465.27    1465.31 0.0000e+00
      8.000     3.7435     3.7421   3.204613   3.204470     2.5346     2.5060     1.6904    94.0744      98.61 5.0749e-02 0.0000e+00     7.1525     7.1088    34.6635    34.6633    27.5449    1465.25    1465.30 0.0000e+00
      9.000     3.7379     3.7382   3.203972   3.204025     2.5340     2.5053     1.6780    94.2595      98.61 5.0749e-02 0.0000e+00     7.1561     7.1151    34.6612    34.6615    27.5437    1465.24    1465.30 0.0000e+00
     10.000     3.7370     3.7368   3.203921   3.203884     2.5338     2.5050     1.7287    94.1236      98.62 5.0749e-02 0.0000e+00     7.1585     7.1093    34.6610    34.6608    27.5436    1465.25    1465.29 0.0000e+00
     11.000     3.7370     3.7382   3.203976   3.204098     2.5337     2.5044     1.6753    94.2618      98.61 5.0749e-02 0.0000e+00     7.1632     7.1148    34.6611    34.6613    27.5437    1465.26    1465.29 0.0000e+00
     12.000     3.7351     3.7345   3.203821   3.203732     2.5345     2.5053     1.8028    94.2295      98.61 5.0749e-02 0.0000e+00     7.1686     7.1194    34.6607    34.6603    27.5436    1465.27    1465.29 0.0000e+00
     13.000     3.7365     3.7377   3.204049   3.204165     2.5346     2.5048     1.7141    94.2504      98.62 5.0749e-02 0.0000e+00     7.1641     7.1050    34.6614    34.6615    27.5440    1465.29    1465.29 0.0000e+00
     14.000     3.7398     3.7403   3.204428   3.204483     2.5343     2.5030     1.6928    94.2872      98.62 5.0749e-02 0.0000e+00     7.1568     7.0985    34.6619    34.6620    27.5441    1465.33    1465.29 0.0000e+00
     15.000     3.7473     3.7468   3.205296   3.205243     2.5332     2.5018     1.6596    94.3073      98.61 5.0749e-02 0.0000e+00     7.1462     7.1009    34.6638    34.6637    27.5448    1465.38    1465.30 0.0000e+00
     16.000     3.7506     3.7426   3.205721   3.204872     2.5321     2.5018     1.6930    94.3399      98.61 5.0749e-02 0.0000e+00     7.1532     7.1090    34.6648    34.6631    27.5453    1465.41    1465.30 0.0000e+00
     17.000     3.7547     3.7532   3.206226   3.206044     2.5320     2.5019     1.7101    94.3590      98.61 5.0749e-02 0.0000e+00     7.1512     7.1045    34.6660    34.6654    27.5458    1465.44    1465.31 0.0000e+00
     18.000     3.7625     3.7626   3.207063   3.207055     2.5319     2.5017     1.6884    94.3428      98.62 5.0749e-02 0.0000e+00     7.1513     7.1022    34.6671    34.6669    27.5460    1465.49    1465.32 0.0000e+00
     19.000     3.7683     3.7799   3.207764   3.209007     2.5316     2.5015     1.7013    94.3432      98.62 5.0749e-02 0.0000e+00     7.1475     7.0977    34.6688    34.6714    27.5467    1465.54    1465.33 0.0000e+00
     20.000     3.7688     3.7680   3.207896   3.207824     2.5313     2.5011     1.7099    94.3480      98.61 5.0749e-02 0.0000e+00     7.1477     7.0933    34.6693    34.6693    27.5471    1465.55    1465.34 0.0000e+00
     21.000     3.8062     3.8039   3.211990   3.211664     2.5310     2.4996     1.6903    94.3398      98.61 5.0749e-02 0.0000e+00     7.1456     7.0730    34.6780    34.6766    27.5502    1465.74    1465.36 0.0000e+00
     22.000     3.8416     3.8413   3.215839   3.215785     2.5317     2.4974     1.6595    94.3869      98.62 5.0749e-02 0.0000e+00     7.1515     7.0703    34.6859    34.6856    27.5529    1465.91    1465.39 0.0000e+00
     23.000     3.8606     3.8602   3.217975   3.217940     2.5326     2.4986     1.6740    94.4130      98.61 5.0749e-02 0.0000e+00     7.1418     7.0887    34.6907    34.6907    27.5548    1466.02    1465.42 0.0000e+00
     24.000     3.8666     3.8664   3.218707   3.218664     2.5322     2.5000     1.6656    94.4284      98.61 5.0749e-02 0.0000e+00     7.1337     7.0824    34.6925    34.6922    27.5556    1466.06    1465.44 0.0000e+00
     25.000     3.8700     3.8665   3.219091   3.218709     2.5317     2.4992     1.6847    94.3854      98.62 5.0749e-02 0.0000e+00     7.1326     7.0742    34.6929    34.6921    27.5556    1466.09    1465.47 0.0000e+00
     26.000     3.8754     3.8763   3.219730   3.219844     2.5315     2.4987     1.6873    94.4411      98.62 5.0749e-02 0.0000e+00     7.1296     7.0763    34.6943    34.6947    27.5561    1466.13    1465.49 0.0000e+00
     27.000     3.8626     3.8627   3.218383   3.218398     2.5308     2.4989     1.6845    94.3904      89.79 5.0749e-02 0.0000e+00     7.1258     7.0872    34.6912    34.6913    27.5550    1466.09    1465.52 0.0000e+00
     28.000     3.8563     3.8520   3.217711   3.217309     2.5300     2.4995     1.6892    94.4270      57.64 5.0749e-02 0.0000e+00     7.1255     7.0873    34.6893    34.6891    27.5542    1466.08    1465.54 0.0000e+00
     29.000     3.8462     3.8407   3.216674   3.216054     2.5291     2.4988     1.6826    94.4719      98.00 5.0749e-02 0.0000e+00     7.1262     7.0831    34.6871    34.6856    27.5535    1466.05    1465.55 0.0000e+00
     30.000     3.8726     3.8711   3.219544   3.219392     2.5285     2.4987     1.6352    94.4873      98.62 5.0749e-02 0.0000e+00     7.1334     7.0873    34.6928    34.6926    27.5553    1466.18    1465.57 0.0000e+00
     31.000     3.8809     3.8901   3.220450   3.221429     2.5297     2.5000     1.6002    94.4938      98.61 5.0749e-02 0.0000e+00     7.1478     7.0928    34.6943    34.6962    27.5556    1466.24    1465.60 0.0000e+00
     32.000     3.9237     3.9163   3.225205   3.224389     2.5307     2.5010     1.6967    94.4685      98.61 5.0749e-02 0.0000e+00     7.1441     7.0898    34.7051    34.7032    27.5598    1466.44    1465.62 0.0000e+00
     33.000     3.9061     3.9041   3.223290   3.223127     2.5321     2.5015     1.6897    94.4865      98.61 5.0749e-02 0.0000e+00     7.1401     7.0784    34.7003    34.7005    27.5579    1466.38    1465.64 0.0000e+00
     34.000     3.9131     3.9106   3.224112   3.223761     2.5308     2.4989     1.6616    94.4852      98.61 5.0749e-02 0.0000e+00     7.1190     7.0669    34.7022    34.7006    27.5586    1466.43    1465.67 0.0000e+00
     35.000     3.9056     3.9170   3.223294   3.224558     2.5300     2.4989     1.6880    94.5194      98.62 5.0749e-02 0.0000e+00     7.1227     7.0824    34.6998    34.7028    27.5575    1466.41    1465.69 0.0000e+00
     36.000     3.8763     3.8671   3.220160   3.219302     2.5288     2.4993     1.6521    94.5063      98.62 5.0749e-02 0.0000e+00     7.1200     7.0847    34.6930    34.6925    27.5551    1466.30    1465.71 0.0000e+00
     37.000     3.9334     3.9257   3.226352   3.225481     2.5274     2.4972     1.6280    94.5120      98.62 5.0749e-02 0.0000e+00     7.1155     7.0601    34.7057    34.7035    27.5593    1466.57    1465.73 0.0000e+00
     38.000     3.9430     3.9096   3.227550   3.223905     2.5282     2.4970     1.7115    94.5174      98.62 5.0749e-02 0.0000e+00     7.1336     7.0766    34.7092    34.7012    27.5612    1466.63    1465.75 0.0000e+00
     39.000     3.9342     3.9227   3.226612   3.225243     2.5286     2.4966     1.6249    94.5218      98.62 5.0749e-02 0.0000e+00     7.1213     7.0710    34.7069    34.7027    27.5602    1466.60    1465.77 0.0000e+00
     40.000     3.9430     3.9449   3.227603   3.227800     2.5277     2.4968     1.7230    94.5210      98.61 5.0749e-02 0.0000e+00     7.1150     7.0763    34.7088    34.7091    27.5608    1466.66    1465.80 0.0000e+00
     41.000     3.9787     3.9745   3.231431   3.230912     2.5274     2.4980     1.6632    94.5267      98.61 5.0749e-02 0.0000e+00     7.1147     7.0811    34.7160    34.7142    27.5629    1466.83    1465.82 0.0000e+00
     42.000     4.0008     3.9895   3.233821   3.232645     2.5277     2.4997     1.6575    94.5392      98.62 5.0749e-02 0.0000e+00     7.1168     7.0836    34.7204    34.7184    27.5641    1466.95    1465.85 0.0000e+00
     43.000     4.0455     4.0442   3.238683   3.238483     2.5279     2.5004     1.6985    94.5613      98.62 5.0749e-02 0.0000e+00     7.1134     7.0704    34.7303    34.7293    27.5673    1467.16    1465.88 0.0000e+00
     44.000     4.0666     4.0677   3.241075   3.241168     2.5289     2.5009     1.7012    94.5488      98.62 5.0749e-02 0.0000e+00     7.1131     7.0648    34.7359    34.7358    27.5695    1467.28    1465.91 0.0000e+00
     45.000     4.0907     4.0909   3.243835   3.243774     2.5291     2.5010     1.6641    94.5536      98.61 5.0749e-02 0.0000e+00     7.1008     7.0602    34.7426    34.7416    27.5723    1467.40    1465.94 0.0000e+00
     46.000     4.1408     4.1419   3.249456   3.249542     2.5289     2.5012     1.6294    94.5715      98.61 5.0749e-02 0.0000e+00     7.0938     7.0517    34.7557    34.7555    27.5775    1467.64    1465.98 0.0000e+00
     47.000     4.2088     4.2078   3.257196   3.256981     2.5291     2.5008     1.7606    94.5547      98.62 5.0749e-02 0.0000e+00     7.0806     7.0306    34.7749    34.7734    27.5855    1467.96    1466.02 0.0000e+00
     48.000     4.2396     4.2393   3.260686   3.260570     2.5290     2.5002     1.6850    94.5658      98.62 5.0749e-02 0.0000e+00     7.0643     7.0249    34.7830    34.7820    27.5887    1468.12    1466.07 0.0000e+00
     49.000     4.2695     4.2706   3.264075   3.264131     2.5276     2.4994     1.5971    94.6063      98.61 5.0749e-02 0.0000e+00     7.0438     7.0121    34.7909    34.7904    27.5918    1468.27    1466.11 0.0000e+00
     50.000     4.3107     4.3113   3.268866   3.268838     2.5257     2.4978     1.5906    94.6254      98.62 5.0749e-02 0.0000e+00     7.0281     6.9927    34.8034    34.8025    27.5973    1468.47    1466.16 0.0000e+00
     51.000     4.3347     4.3336   3.271714   3.271534     2.5240     2.4958     1.6675    94.6390      98.61 5.0749e-02 0.0000e+00     7.0196     6.9848    34.8111    34.8102    27.6008    1468.60    1466.21 0.0000e+00
     52.000     4.3890     4.3876   3.277973   3.277691     2.5222     2.4942     1.6365    94.6470      98.61 5.0749e-02 0.0000e+00     7.0025     6.9713    34.8270    34.8252    27.6076    1468.86    1466.26 0.0000e+00
     53.000     4.4054     4.4048   3.279812   3.279678     2.5207     2.4936     1.6830    94.6492      98.61 5.0749e-02 0.0000e+00     6.9955     6.9661    34.8308    34.8299    27.6088    1468.95    1466.31 0.0000e+00
     54.000     4.4335     4.4339   3.283008   3.282978     2.5188     2.4908     1.6628    94.6485      98.61 5.0749e-02 0.0000e+00     6.9821     6.9385    34.8382    34.8374    27.6116    1469.09    1466.36 0.0000e+00
     55.000     4.4573     4.4579   3.285804   3.285793     2.5171     2.4884     1.6315    94.6761      98.62 5.0749e-02 0.0000e+00     6.9763     6.9386    34.8454    34.8447    27.6148    1469.21    1466.41 0.0000e+00
     56.000     4.4648     4.4641   3.286677   3.286559     2.5159     2.4875     1.6473    94.6906      98.61 5.0749e-02 0.0000e+00     6.9753     6.9395    34.8473    34.8466    27.6154    1469.26    1466.46 0.0000e+00
     57.000     4.4676     4.4680   3.287031   3.287027     2.5147     2.4867     1.6218    94.7040      98.61 5.0749e-02 0.0000e+00     6.9637     6.9370    34.8479    34.8475    27.6156    1469.29    1466.51 0.0000e+00
     58.000     4.4721     4.4720   3.287542   3.287483     2.5122     2.4857     1.6249    94.6980      98.62 5.0749e-02 0.0000e+00     6.9532     6.9314    34.8486    34.8481    27.6157    1469.33    1466.56 0.0000e+00
     59.000     4.4840     4.4845   3.288894   3.288884     2.5106     2.4841     1.6506    94.6980      98.62 5.0749e-02 0.0000e+00     6.9535     6.9243    34.8514    34.8508    27.6166    1469.40    1466.61 0.0000e+00
     60.000     4.4954     4.4954   3.290291   3.290227     2.5094     2.4837     1.6518    94.6766      98.61 5.0749e-02 0.0000e+00     6.9552     6.9318    34.8553    34.8545    27.6184    1469.46    1466.66 0.0000e+00
     61.000     4.5035     4.5037   3.291222   3.291185     2.5087     2.4838     1.7099    94.7084      98.61 5.0749e-02 0.0000e+00     6.9524     6.9271    34.8571    34.8565    27.6190    1469.52    1466.70 0.0000e+00
     62.000     4.5074     4.5070   3.291674   3.291583     2.5078     2.4831     1.6896    94.7242      98.62 5.0749e-02 0.0000e+00     6.9485     6.9246    34.8578    34.8571    27.6191    1469.55    1466.75 0.0000e+00
     63.000     4.5074     4.5068   3.291745   3.291652     2.5072     2.4828     1.6823    94.7239      98.61 5.0749e-02 0.0000e+00     6.9506     6.9274    34.8581    34.8576    27.6193    1469.57    1466.79 0.0000e+00
     64.000     4.5088     4.5088   3.291927   3.291875     2.5066     2.4829     1.6837    94.7242      98.61 5.0749e-02 0.0000e+00     6.9506     6.9230    34.8582    34.8576    27.6193    1469.59    1466.84 0.0000e+00
     65.000     4.5104     4.5102   3.292142   3.292060     2.5064     2.4814     1.7113 -9.990e-29      98.61 5.0749e-02 0.0000e+00     6.9550     6.9126    34.8585    34.8578    27.6194    1469.61    1466.88 0.0000e+00
     66.000     4.5162     4.5157   3.292786   3.292679     2.5065     2.4801     1.7193 -9.990e-29      36.64 5.0749e-02 0.0000e+00     6.9583     6.9149    34.8594    34.8587    27.6194    1469.65    1466.92 0.0000e+00
     67.000     4.5188     4.5178   3.293110   3.292964     2.5066     2.4800     1.6976 -9.990e-29      90.51 5.0749e-02 0.0000e+00     6.9583     6.9165    34.8599    34.8593    27.6196    1469.68    1466.96 0.0000e+00
     68.000     4.5208     4.5203   3.293343   3.293266     2.5069     2.4791     1.7302 -9.990e-29      95.57 5.0749e-02 0.0000e+00     6.9604     6.9055    34.8600    34.8596    27.6194    1469.71    1467.00 0.0000e+00
     69.000     4.5228     4.5227   3.293618   3.293550     2.5069     2.4774     1.6734 -9.990e-29      98.63 5.0749e-02 0.0000e+00     6.9565     6.9095    34.8606    34.8599    27.6197    1469.73    1467.04 0.0000e+00
     70.000     4.5258     4.5266   3.293984   3.294014     2.5064     2.4784     1.6292 -9.990e-29      98.62 5.0749e-02 0.0000e+00     6.9488     6.9204    34.8612    34.8607    27.6198    1469.76    1467.08 0.0000e+00
     71.000     4.5336     4.5339   3.294841   3.294807     2.5055     2.4782     1.7412 -9.990e-29      98.62 5.0749e-02 0.0000e+00     6.9430     6.9049    34.8625    34.8618    27.6200    1469.81    1467.12 0.0000e+00
     72.000     4.5424     4.5420   3.295785   3.295706     2.5048     2.4766     1.5988    94.7340      98.62 5.0749e-02 0.0000e+00     6.9415     6.9008    34.8637    34.8632    27.6200    1469.86    1467.16 0.0000e+00
     73.000     4.5446     4.5450   3.296072   3.296062     2.5040     2.4765     1.6218    94.7263      98.61 5.0749e-02 0.0000e+00     6.9436     6.9120    34.8643    34.8637    27.6202    1469.89    1467.19 0.0000e+00
     74.000     4.5530     4.5524   3.296978   3.296865     2.5039     2.4774     1.6738    94.7262      98.61 5.0749e-02 0.0000e+00     6.9470     6.9171    34.8655    34.8648    27.6203    1469.94    1467.23 0.0000e+00
     75.000     4.5918     4.5952   3.301049   3.301287     2.5040     2.4780     1.6838    94.7381      98.62 5.0749e-02 0.0000e+00     6.9498     6.9083    34.8718    34.8710    27.6209    1470.13    1467.27 0.0000e+00
     76.000     4.6168     4.6137   3.303713   3.303326     2.5054     2.4785     1.6535    94.7416      98.62 5.0749e-02 0.0000e+00     6.9548     6.9072    34.8761    34.8748    27.6216    1470.25    1467.31 0.0000e+00
     77.000     4.6317     4.6324   3.305318   3.305311     2.5060     2.4783     1.6360    94.7396      98.61 5.0749e-02 0.0000e+00     6.9426     6.8949    34.8787    34.8778    27.6220    1470.33    1467.35 0.0000e+00
