Sta0211.cnv
* Sea-Bird SBE 9 Data File:
* FileName = C:\Seabird\CTDDATA\Sta0211.hex
* Software Version Seasave V 7.26.7.107
* Temperature SN = 4535
* Conductivity SN = 4386
* Number of Bytes Per Scan = 44
* Number of Voltage Words = 5
* Number of Scans Averaged by the Deck Unit = 1
* NMEA Latitude = 80 37.39 N
* NMEA Longitude = 014 24.72 E
* NMEA UTC (Time) = Nov 07 2020 07:57:00
* NMEA baud rate = 9600
** Ship: "Kronprins Haakon"
** Station: 0211
** Echodepth: 166
** Log: 5060.04
** Moonpool(M)/Skuteside(S): S
** Wind-Dir Force(m/s): 11 13
** Air-temp (dry): 2.2
** Weather Sky:
** Sea Ice:
# nquan = 20                                
# nvalues = 164                         
# units = specified
# name 0 = prDM: Pressure, Digiquartz [db]
# name 1 = t068C: Temperature [IPTS-68, deg C]
# name 2 = t168C: Temperature, 2 [IPTS-68, deg C]
# name 3 = c0S/m: Conductivity [S/m]
# name 4 = c1S/m: Conductivity, 2 [S/m]
# name 5 = sbeox0V: Oxygen raw, SBE 43 [V]
# name 6 = sbeox1V: Oxygen raw, SBE 43, 2 [V]
# name 7 = wetCDOM: Fluorescence, WET Labs CDOM [mg/m^3]
# name 8 = CStarTr0: Beam Transmission, WET Labs C-Star [%]
# name 9 = altM: Altimeter [m]
# name 10 = par: PAR/Irradiance, Biospherical/Licor [umol photons/m^2/sec]
# name 11 = spar: SPAR, Biospherical/Licor [umol photons/m^2/sec]
# name 12 = sbeox0ML/L: Oxygen, SBE 43 [ml/l], WS = 2
# name 13 = sbeox1ML/L: Oxygen, SBE 43, 2 [ml/l], WS = 2
# name 14 = sal00: Salinity, Practical [PSU]
# name 15 = sal11: Salinity, Practical, 2 [PSU]
# name 16 = sigma-é00: Density [sigma-theta, kg/m^3]
# name 17 = svCM: Sound Velocity [Chen-Millero, m/s]
# name 18 = avgsvCM: Average Sound Velocity [Chen-Millero, m/s], minP = 1, minS = 20
# name 19 = flag: flag
# span 0 =      3.000,    169.000       
# span 1 =     3.5336,     5.0526       
# span 2 =     3.5321,     5.0525       
# span 3 =   3.173614,   3.352511       
# span 4 =   3.173237,   3.352387       
# span 5 =     2.4244,     2.5361       
# span 6 =     2.3922,     2.5049       
# span 7 =     1.5842,     1.7674       
# span 8 =    93.4901,    94.9141       
# span 9 =       0.93,      98.97       
# span 10 = 5.0749e-02, 6.7820e-01      
# span 11 = 0.0000e+00, 0.0000e+00      
# span 12 =     6.6726,     7.1750      
# span 13 =     6.6225,     7.1322      
# span 14 =    34.5156,    35.0564      
# span 15 =    34.5140,    35.0548      
# span 16 =    27.4478,    27.7619      
# span 17 =    1464.09,    1472.50      
# span 18 =    1464.09,    1470.40      
# span 19 = 0.0000e+00, 0.0000e+00      
# interval = decibars: 1                
# start_time = Nov 07 2020 07:57:00 [System UTC, first data scan.]
# bad_flag = -9.990e-29
*END*
[from data line 73]
     76.000     4.9692     4.9707   3.340683   3.340764     2.4760     2.4442     1.6493    94.8845      90.93 5.0749e-02 0.0000e+00     6.7591     6.7139    34.9366    34.9360    27.6295    1471.77    1468.41 0.0000e+00
     77.000     4.9765     4.9779   3.341623   3.341716     2.4743     2.4442     1.6606    94.8803      64.53 5.0749e-02 0.0000e+00     6.7544     6.7200    34.9393    34.9389    27.6308    1471.82    1468.46 0.0000e+00
     78.000     4.9848     4.9833   3.342808   3.342481     2.4740     2.4444     1.6821    94.8802      91.54 5.0749e-02 0.0000e+00     6.7594     6.7107    34.9438    34.9416    27.6334    1471.87    1468.50 0.0000e+00
     79.000     4.9885     4.9884   3.343439   3.343319     2.4735     2.4426     1.6721    94.8631      90.66 5.0749e-02 0.0000e+00     6.7577     6.6986    34.9467    34.9455    27.6353    1471.91    1468.54 0.0000e+00
     80.000     4.9944     4.9948   3.344395   3.344340     2.4729     2.4414     1.5928    94.8365      89.87 5.0749e-02 0.0000e+00     6.7542     6.7014    34.9511    34.9501    27.6381    1471.95    1468.59 0.0000e+00
     81.000     5.0135     5.0121   3.347299   3.346990     2.4727     2.4411     1.7383    94.8494      89.22 5.0749e-02 0.0000e+00     6.7507     6.7003    34.9642    34.9621    27.6462    1472.06    1468.63 0.0000e+00
     82.000     5.0304     5.0306   3.349472   3.349372     2.4718     2.4408     1.7406    94.8060      87.85 5.0749e-02 0.0000e+00     6.7416     6.6927    34.9711    34.9698    27.6498    1472.16    1468.67 0.0000e+00
     83.000     5.0332     5.0333   3.349864   3.349769     2.4709     2.4391     1.6510    94.8262      86.86 5.0749e-02 0.0000e+00     6.7252     6.6707    34.9722    34.9710    27.6503    1472.19    1468.72 0.0000e+00
     84.000     5.0412     5.0403   3.350860   3.350637     2.4679     2.4352     1.6807    94.8260      85.85 5.0749e-02 0.0000e+00     6.7017     6.6556    34.9748    34.9732    27.6515    1472.24    1468.76 0.0000e+00
     85.000     5.0470     5.0467   3.351606   3.351443     2.4649     2.4325     1.7102    94.8118      84.79 5.0749e-02 0.0000e+00     6.6992     6.6488    34.9769    34.9753    27.6524    1472.28    1468.80 0.0000e+00
     86.000     5.0523     5.0524   3.352322   3.352228     2.4631     2.4294     1.6496    94.8243      83.54 5.0749e-02 0.0000e+00     6.7020     6.6337    34.9791    34.9779    27.6535    1472.32    1468.84 0.0000e+00
     87.000     5.0524     5.0523   3.352380   3.352286     2.4617     2.4263     1.6503    94.7929      82.17 5.0749e-02 0.0000e+00     6.7040     6.6358    34.9791    34.9781    27.6536    1472.34    1468.88 0.0000e+00
     88.000     5.0516     5.0517   3.352349   3.352267     2.4607     2.4253     1.7012    94.8052      78.50 5.0749e-02 0.0000e+00     6.6978     6.6388    34.9790    34.9780    27.6536    1472.35    1468.92 0.0000e+00
     89.000     5.0526     5.0525   3.352494   3.352361     2.4591     2.4244     1.6292    94.8084      79.65 5.0749e-02 0.0000e+00     6.6902     6.6354    34.9791    34.9777    27.6536    1472.37    1468.96 0.0000e+00
     90.000     5.0512     5.0511   3.352405   3.352289     2.4574     2.4227     1.6468    94.7903      78.69 5.0749e-02 0.0000e+00     6.6882     6.6251    34.9791    34.9778    27.6537    1472.38    1469.00 0.0000e+00
     91.000     5.0504     5.0501   3.352377   3.352230     2.4563     2.4208     1.6193    94.7949      78.41 5.0749e-02 0.0000e+00     6.6899     6.6225    34.9790    34.9776    27.6538    1472.40    1469.03 0.0000e+00
     92.000     5.0501     5.0500   3.352385   3.352271     2.4555     2.4199     1.5911    94.8051      77.67 5.0749e-02 0.0000e+00     6.6917     6.6353    34.9789    34.9777    27.6537    1472.41    1469.07 0.0000e+00
     93.000     5.0490     5.0490   3.352319   3.352200     2.4550     2.4213     1.6774    94.8131      76.80 5.0749e-02 0.0000e+00     6.6970     6.6445    34.9788    34.9774    27.6537    1472.42    1469.11 0.0000e+00
     94.000     5.0500     5.0502   3.352474   3.352387     2.4549     2.4219     1.7048    94.8033      75.78 5.0749e-02 0.0000e+00     6.6940     6.6427    34.9790    34.9778    27.6538    1472.44    1469.14 0.0000e+00
     95.000     5.0500     5.0496   3.352511   3.352362     2.4542     2.4217     1.6678    94.7871      74.81 5.0749e-02 0.0000e+00     6.6911     6.6380    34.9789    34.9776    27.6537    1472.46    1469.18 0.0000e+00
     96.000     5.0427     5.0422   3.351860   3.351708     2.4537     2.4211     1.6139    94.7917      71.06 5.0749e-02 0.0000e+00     6.6919     6.6317    34.9785    34.9772    27.6543    1472.45    1469.21 0.0000e+00
     97.000     5.0415     5.0412   3.351791   3.351657     2.4532     2.4194     1.6222    94.8013      68.15 5.0749e-02 0.0000e+00     6.6918     6.6263    34.9784    34.9772    27.6544    1472.46    1469.24 0.0000e+00
     98.000     5.0397     5.0403   3.351662   3.351622     2.4527     2.4188     1.6376    94.7967      68.33 5.0749e-02 0.0000e+00     6.6911     6.6360    34.9783    34.9772    27.6545    1472.47    1469.28 0.0000e+00
     99.000     5.0355     5.0355   3.351337   3.351211     2.4521     2.4196     1.6626    94.7912      66.82 5.0749e-02 0.0000e+00     6.6928     6.6453    34.9784    34.9769    27.6551    1472.47    1469.31 0.0000e+00
    100.000     5.0307     5.0307   3.351002   3.350894     2.4520     2.4199     1.6848    94.7887      65.51 5.0749e-02 0.0000e+00     6.6964     6.6426    34.9790    34.9777    27.6561    1472.46    1469.34 0.0000e+00
    101.000     5.0285     5.0281   3.350877   3.350748     2.4519     2.4200     1.6437    94.7806      64.99 5.0749e-02 0.0000e+00     6.6974     6.6414    34.9793    34.9782    27.6567    1472.47    1469.37 0.0000e+00
    102.000     5.0234     5.0232   3.350632   3.350490     2.4517     2.4193     1.7072    94.7776      64.31 5.0749e-02 0.0000e+00     6.6967     6.6359    34.9813    34.9799    27.6588    1472.47    1469.40 0.0000e+00
    103.000     5.0216     5.0212   3.350945   3.350808     2.4512     2.4181     1.6494    94.7994      63.49 5.0749e-02 0.0000e+00     6.6924     6.6295    34.9863    34.9851    27.6630    1472.49    1469.43 0.0000e+00
    104.000     5.0183     5.0184   3.351246   3.351130     2.4507     2.4167     1.6224    94.7705      63.68 5.0749e-02 0.0000e+00     6.6881     6.6268    34.9927    34.9913    27.6685    1472.50    1469.46 0.0000e+00
    105.000     4.9966     4.9957   3.349417   3.349254     2.4493     2.4157     1.7012    94.7718      62.03 5.0749e-02 0.0000e+00     6.6778     6.6292    34.9938    34.9928    27.6719    1472.43    1469.49 0.0000e+00
    106.000     4.9787     4.9780   3.347822   3.347656     2.4475     2.4145     1.7112    94.7960      57.90 5.0749e-02 0.0000e+00     6.6745     6.6302    34.9935    34.9923    27.6738    1472.37    1469.52 0.0000e+00
    107.000     4.9621     4.9615   3.346317   3.346181     2.4455     2.4140     1.6706    94.7976      59.08 5.0749e-02 0.0000e+00     6.6726     6.6318    34.9930    34.9920    27.6753    1472.32    1469.54 0.0000e+00
    108.000     4.9433     4.9425   3.344586   3.344416     2.4442     2.4123     1.6919    94.6413      58.22 5.0749e-02 0.0000e+00     6.6819     6.6252    34.9921    34.9910    27.6768    1472.26    1469.57 0.0000e+00
    109.000     4.9182     4.9174   3.342276   3.342127     2.4435     2.4108     1.7004    94.7611      58.32 5.0749e-02 0.0000e+00     6.6861     6.6266    34.9911    34.9902    27.6789    1472.17    1469.59 0.0000e+00
    110.000     4.8974     4.8965   3.340339   3.340189     2.4425     2.4094     1.6887    94.7587      56.91 5.0749e-02 0.0000e+00     6.6889     6.6292    34.9899    34.9891    27.6804    1472.10    1469.61 0.0000e+00
    111.000     4.8858     4.8855   3.339291   3.339166     2.4421     2.4088     1.6949    94.7491      54.18 5.0749e-02 0.0000e+00     6.6896     6.6341    34.9894    34.9883    27.6813    1472.07    1469.64 0.0000e+00
    112.000     4.8555     4.8542   3.336463   3.336291     2.4410     2.4079     1.7072    94.7379      54.21 5.0749e-02 0.0000e+00     6.6874     6.6329    34.9879    34.9872    27.6836    1471.96    1469.66 0.0000e+00
    113.000     4.8422     4.8417   3.335258   3.335109     2.4399     2.4068     1.6736    94.7341      54.02 5.0749e-02 0.0000e+00     6.6896     6.6359    34.9873    34.9861    27.6847    1471.92    1469.68 0.0000e+00
    114.000     4.8425     4.8420   3.335377   3.335210     2.4392     2.4066     1.5933    94.7094      51.35 5.0749e-02 0.0000e+00     6.6891     6.6403    34.9878    34.9864    27.6851    1471.94    1469.70 0.0000e+00
    115.000     4.8373     4.8371   3.334953   3.334813     2.4382     2.4063     1.6813    94.7048      51.80 5.0749e-02 0.0000e+00     6.6868     6.6380    34.9878    34.9864    27.6857    1471.93    1469.72 0.0000e+00
    116.000     4.8293     4.8292   3.334289   3.334130     2.4377     2.4058     1.6859    94.6776      49.27 5.0749e-02 0.0000e+00     6.6917     6.6382    34.9880    34.9863    27.6867    1471.92    1469.73 0.0000e+00
    117.000     4.8259     4.8256   3.334103   3.333936     2.4370     2.4054     1.6558    94.6975      47.62 5.0749e-02 0.0000e+00     6.6860     6.6379    34.9889    34.9872    27.6878    1471.92    1469.75 0.0000e+00
    118.000     4.8000     4.7991   3.331863   3.331698     2.4362     2.4044     1.6491    94.6991      46.61 5.0749e-02 0.0000e+00     6.6895     6.6418    34.9895    34.9885    27.6913    1471.83    1469.77 0.0000e+00
    119.000     4.7856     4.7848   3.330651   3.330479     2.4352     2.4051     1.6538    94.6926      44.92 5.0749e-02 0.0000e+00     6.6947     6.6615    34.9900    34.9889    27.6933    1471.79    1469.79 0.0000e+00
    120.000     4.7742     4.7739   3.329713   3.329573     2.4358     2.4071     1.6520    94.6830      44.28 5.0749e-02 0.0000e+00     6.7204     6.6728    34.9906    34.9892    27.6951    1471.76    1469.80 0.0000e+00
    121.000     4.7662     4.7659   3.329085   3.328933     2.4376     2.4081     1.6611    94.6990      43.48 5.0749e-02 0.0000e+00     6.7317     6.6720    34.9911    34.9897    27.6965    1471.75    1469.82 0.0000e+00
    122.000     4.7586     4.7580   3.328481   3.328319     2.4389     2.4090     1.6702    94.6980      42.18 5.0749e-02 0.0000e+00     6.7346     6.6789    34.9916    34.9903    27.6977    1471.73    1469.84 0.0000e+00
    123.000     4.7551     4.7551   3.328242   3.328138     2.4399     2.4100     1.6244    94.7002      41.87 5.0749e-02 0.0000e+00     6.7337     6.6797    34.9919    34.9907    27.6984    1471.74    1469.85 0.0000e+00
    124.000     4.7529     4.7527   3.328113   3.327987     2.4407     2.4097     1.6454    94.6880      40.72 5.0749e-02 0.0000e+00     6.7392     6.6713    34.9922    34.9910    27.6988    1471.74    1469.87 0.0000e+00
    125.000     4.7513     4.7515   3.328037   3.327938     2.4415     2.4091     1.5942    94.6963      39.34 5.0749e-02 0.0000e+00     6.7363     6.6730    34.9925    34.9911    27.6992    1471.75    1469.88 0.0000e+00
    126.000     4.7505     4.7502   3.328020   3.327863     2.4413     2.4091     1.5957    94.7009      38.41 5.0749e-02 0.0000e+00     6.7275     6.6750    34.9926    34.9911    27.6994    1471.77    1469.90 0.0000e+00
    127.000     4.7492     4.7490   3.327978   3.327841     2.4406     2.4086     1.6962    94.7059      39.11 5.0749e-02 0.0000e+00     6.7226     6.6700    34.9929    34.9915    27.6999    1471.78    1469.91 0.0000e+00
    128.000     4.7469     4.7468   3.327845   3.327703     2.4400     2.4080     1.7099    94.6971      37.69 5.0749e-02 0.0000e+00     6.7225     6.6709    34.9933    34.9917    27.7004    1471.79    1469.93 0.0000e+00
    129.000     4.7437     4.7434   3.327634   3.327473     2.4393     2.4073     1.6267    94.6799      36.07 5.0749e-02 0.0000e+00     6.7215     6.6674    34.9936    34.9921    27.7011    1471.79    1469.94 0.0000e+00
    130.000     4.7428     4.7428   3.327605   3.327483     2.4386     2.4067     1.6071    94.6948      20.66 5.0749e-02 0.0000e+00     6.7212     6.6695    34.9937    34.9923    27.7012    1471.80    1469.95 0.0000e+00
    131.000     4.7417     4.7416   3.327572   3.327412     2.4381     2.4062     1.6360    94.7044      20.34 5.0749e-02 0.0000e+00     6.7190     6.6679    34.9940    34.9922    27.7016    1471.81    1469.97 0.0000e+00
    132.000     4.7374     4.7371   3.327251   3.327077     2.4374     2.4058     1.6636    94.6980      32.08 5.0749e-02 0.0000e+00     6.7168     6.6685    34.9942    34.9925    27.7023    1471.81    1469.98 0.0000e+00
    133.000     4.7339     4.7334   3.326977   3.326802     2.4364     2.4054     1.6783    94.6784      30.71 5.0749e-02 0.0000e+00     6.7126     6.6694    34.9942    34.9927    27.7026    1471.82    1470.00 0.0000e+00
    134.000     4.7283     4.7274   3.326549   3.326337     2.4353     2.4048     1.6494    94.6613      30.56 5.0749e-02 0.0000e+00     6.7104     6.6644    34.9945    34.9930    27.7036    1471.81    1470.01 0.0000e+00
    135.000     4.7232     4.7228   3.326153   3.325986     2.4345     2.4038     1.6550    94.6740      29.63 5.0749e-02 0.0000e+00     6.7115     6.6640    34.9948    34.9932    27.7043    1471.80    1470.02 0.0000e+00
    136.000     4.7208     4.7206   3.325988   3.325851     2.4336     2.4031     1.6837    94.6724      28.17 5.0749e-02 0.0000e+00     6.7086     6.6643    34.9948    34.9934    27.7047    1471.81    1470.04 0.0000e+00
    137.000     4.7181     4.7178   3.325797   3.325646     2.4327     2.4024     1.6241    94.6716      27.41 5.0749e-02 0.0000e+00     6.7104     6.6611    34.9949    34.9935    27.7051    1471.82    1470.05 0.0000e+00
    138.000     4.7152     4.7149   3.325594   3.325427     2.4324     2.4015     1.6992    94.6381      26.62 5.0749e-02 0.0000e+00     6.7153     6.6580    34.9951    34.9934    27.7055    1471.82    1470.06 0.0000e+00
    139.000     4.7130     4.7127   3.325437   3.325282     2.4322     2.4003     1.6669    94.6656      25.85 5.0749e-02 0.0000e+00     6.7175     6.6544    34.9950    34.9935    27.7057    1471.83    1470.07 0.0000e+00
    140.000     4.7107     4.7103   3.325285   3.325122     2.4321     2.3993     1.6753    94.6644      24.94 5.0749e-02 0.0000e+00     6.7201     6.6562    34.9951    34.9937    27.7061    1471.84    1470.09 0.0000e+00
    141.000     4.7077     4.7071   3.325056   3.324896     2.4324     2.3990     1.6508    94.6809      24.32 5.0749e-02 0.0000e+00     6.7219     6.6610    34.9951    34.9939    27.7064    1471.84    1470.10 0.0000e+00
    142.000     4.7044     4.7040   3.324822   3.324674     2.4320     2.3992     1.6631    94.6469      23.65 5.0749e-02 0.0000e+00     6.7197     6.6607    34.9953    34.9940    27.7070    1471.84    1470.11 0.0000e+00
    143.000     4.7003     4.7000   3.324514   3.324345     2.4318     2.3982     1.6832    94.6499      22.72 5.0749e-02 0.0000e+00     6.7175     6.6568    34.9955    34.9938    27.7076    1471.84    1470.12 0.0000e+00
    144.000     4.6977     4.6974   3.324321   3.324187     2.4313     2.3980     1.6373    94.6451      21.84 5.0749e-02 0.0000e+00     6.7173     6.6605    34.9955    34.9942    27.7078    1471.85    1470.14 0.0000e+00
    145.000     4.6968     4.6966   3.324296   3.324154     2.4307     2.3978     1.6846    94.6295      20.88 5.0749e-02 0.0000e+00     6.7140     6.6656    34.9956    34.9941    27.7081    1471.86    1470.15 0.0000e+00
    146.000     4.6947     4.6941   3.324163   3.323971     2.4301     2.3987     1.6827    94.6503      20.06 5.0749e-02 0.0000e+00     6.7161     6.6719    34.9957    34.9941    27.7084    1471.87    1470.16 0.0000e+00
