Sta0211.cnv
* Sea-Bird SBE 9 Data File:
* FileName = C:\Seabird\CTDDATA\Sta0211.hex
* Software Version Seasave V 7.26.7.107
* Temperature SN = 4535
* Conductivity SN = 4386
* Number of Bytes Per Scan = 44
* Number of Voltage Words = 5
* Number of Scans Averaged by the Deck Unit = 1
* NMEA Latitude = 80 37.39 N
* NMEA Longitude = 014 24.72 E
* NMEA UTC (Time) = Nov 07 2020 07:57:00
* NMEA baud rate = 9600
** Ship: "Kronprins Haakon"
** Station: 0211
** Echodepth: 166
** Log: 5060.04
** Moonpool(M)/Skuteside(S): S
** Wind-Dir Force(m/s): 11 13
** Air-temp (dry): 2.2
** Weather Sky:
** Sea Ice:
# nquan = 20                                
# nvalues = 164                         
# units = specified
# name 0 = prDM: Pressure, Digiquartz [db]
# name 1 = t068C: Temperature [IPTS-68, deg C]
# name 2 = t168C: Temperature, 2 [IPTS-68, deg C]
# name 3 = c0S/m: Conductivity [S/m]
# name 4 = c1S/m: Conductivity, 2 [S/m]
# name 5 = sbeox0V: Oxygen raw, SBE 43 [V]
# name 6 = sbeox1V: Oxygen raw, SBE 43, 2 [V]
# name 7 = wetCDOM: Fluorescence, WET Labs CDOM [mg/m^3]
# name 8 = CStarTr0: Beam Transmission, WET Labs C-Star [%]
# name 9 = altM: Altimeter [m]
# name 10 = par: PAR/Irradiance, Biospherical/Licor [umol photons/m^2/sec]
# name 11 = spar: SPAR, Biospherical/Licor [umol photons/m^2/sec]
# name 12 = sbeox0ML/L: Oxygen, SBE 43 [ml/l], WS = 2
# name 13 = sbeox1ML/L: Oxygen, SBE 43, 2 [ml/l], WS = 2
# name 14 = sal00: Salinity, Practical [PSU]
# name 15 = sal11: Salinity, Practical, 2 [PSU]
# name 16 = sigma-é00: Density [sigma-theta, kg/m^3]
# name 17 = svCM: Sound Velocity [Chen-Millero, m/s]
# name 18 = avgsvCM: Average Sound Velocity [Chen-Millero, m/s], minP = 1, minS = 20
# name 19 = flag: flag
# span 0 =      3.000,    169.000       
# span 1 =     3.5336,     5.0526       
# span 2 =     3.5321,     5.0525       
# span 3 =   3.173614,   3.352511       
# span 4 =   3.173237,   3.352387       
# span 5 =     2.4244,     2.5361       
# span 6 =     2.3922,     2.5049       
# span 7 =     1.5842,     1.7674       
# span 8 =    93.4901,    94.9141       
# span 9 =       0.93,      98.97       
# span 10 = 5.0749e-02, 6.7820e-01      
# span 11 = 0.0000e+00, 0.0000e+00      
# span 12 =     6.6726,     7.1750      
# span 13 =     6.6225,     7.1322      
# span 14 =    34.5156,    35.0564      
# span 15 =    34.5140,    35.0548      
# span 16 =    27.4478,    27.7619      
# span 17 =    1464.09,    1472.50      
# span 18 =    1464.09,    1470.40      
# span 19 = 0.0000e+00, 0.0000e+00      
# interval = decibars: 1                
# start_time = Nov 07 2020 07:57:00 [System UTC, first data scan.]
# bad_flag = -9.990e-29
*END*
[from data line 145]
    148.000     4.6863     4.6861   3.323511   3.323370     2.4297     2.3967     1.7079    94.6309      18.53 5.0749e-02 0.0000e+00     6.7138     6.6482    34.9959    34.9944    27.7095    1471.87    1470.18 0.0000e+00
    149.000     4.6774     4.6767   3.322790   3.322613     2.4287     2.3952     1.7399    94.6425      17.87 5.0749e-02 0.0000e+00     6.7097     6.6507    34.9963    34.9950    27.7109    1471.85    1470.19 0.0000e+00
    150.000     4.6729     4.6724   3.322434   3.322276     2.4277     2.3942     1.7428    94.6369      16.86 5.0749e-02 0.0000e+00     6.7104     6.6506    34.9964    34.9950    27.7114    1471.85    1470.20 0.0000e+00
    151.000     4.6723     4.6721   3.322436   3.322259     2.4274     2.3929     1.7050    94.6248      16.50 5.0749e-02 0.0000e+00     6.7145     6.6457    34.9965    34.9946    27.7116    1471.86    1470.22 0.0000e+00
    152.000     4.6720     4.6716   3.322452   3.322279     2.4267     2.3922     1.6353    94.6089      14.84 5.0749e-02 0.0000e+00     6.7127     6.6541    34.9964    34.9948    27.7116    1471.88    1470.23 0.0000e+00
    153.000     4.6711     4.6710   3.322430   3.322291     2.4265     2.3930     1.6187    94.6156      13.92 5.0749e-02 0.0000e+00     6.7160     6.6647    34.9966    34.9951    27.7118    1471.89    1470.24 0.0000e+00
    154.000     4.6710     4.6707   3.322461   3.322285     2.4264     2.3939     1.6500    94.6230      13.51 5.0749e-02 0.0000e+00     6.7154     6.6712    34.9965    34.9948    27.7118    1471.90    1470.25 0.0000e+00
    155.000     4.6721     4.6714   3.322601   3.322424     2.4257     2.3954     1.6779    94.6126      13.14 5.0749e-02 0.0000e+00     6.7126     6.6725    34.9965    34.9951    27.7116    1471.93    1470.26 0.0000e+00
    156.000     4.6719     4.6709   3.322627   3.322413     2.4257     2.3951     1.7282    94.6173      11.68 5.0749e-02 0.0000e+00     6.7211     6.6655    34.9965    34.9950    27.7117    1471.94    1470.27 0.0000e+00
    157.000     4.6637     4.6624   3.321997   3.321767     2.4262     2.3954     1.6813    94.6326      10.57 5.0749e-02 0.0000e+00     6.7237     6.6721    34.9972    34.9959    27.7132    1471.93    1470.28 0.0000e+00
    158.000     4.6589     4.6578   3.321635   3.321420     2.4259     2.3952     1.6877    94.6055      10.00 5.0749e-02 0.0000e+00     6.7172     6.6702    34.9975    34.9962    27.7140    1471.92    1470.29 0.0000e+00
    159.000     4.6577     4.6573   3.321580   3.321421     2.4253     2.3948     1.7097    94.6102       9.61 5.0749e-02 0.0000e+00     6.7149     6.6591    34.9976    34.9962    27.7142    1471.93    1470.30 0.0000e+00
    160.000     4.6559     4.6557   3.321484   3.321337     2.4249     2.3925     1.6925    94.6091       9.30 5.0749e-02 0.0000e+00     6.7190     6.6568    34.9978    34.9963    27.7146    1471.94    1470.31 0.0000e+00
    161.000     4.6542     4.6537   3.321387   3.321210     2.4247     2.3932     1.7525    94.6097       8.74 5.0749e-02 0.0000e+00     6.7193     6.6747    34.9980    34.9964    27.7149    1471.95    1470.32 0.0000e+00
    162.000     4.6506     4.6502   3.321143   3.320960     2.4244     2.3939     1.7325    94.5960       7.87 5.0749e-02 0.0000e+00     6.7226     6.6770    34.9984    34.9967    27.7156    1471.95    1470.33 0.0000e+00
    163.000     4.6472     4.6468   3.320894   3.320722     2.4246     2.3943     1.6962    94.5907       6.87 5.0749e-02 0.0000e+00     6.7240     6.6754    34.9985    34.9969    27.7161    1471.96    1470.34 0.0000e+00
    164.000     4.6442     4.6437   3.320680   3.320428     2.4244     2.3943     1.7019    94.5881       5.90 9.5970e-02 0.0000e+00     6.7247     6.6753    34.9987    34.9962    27.7166    1471.96    1470.35 0.0000e+00
    165.000     4.6435     4.6436   3.320663   3.320447     2.4245     2.3940     1.6988    94.5336       4.82 6.7820e-01 0.0000e+00     6.7286     6.6718    34.9987    34.9960    27.7167    1471.98    1470.36 0.0000e+00
    169.000     4.6497     4.6495   3.326344   3.326189     2.4245     2.3976     1.6825    94.6897       0.93 -9.990e-29 0.0000e+00     6.7233     6.6925    35.0564    35.0548    27.7619    1472.14    1470.40 0.0000e+00
