Sta0211.cnv
* Sea-Bird SBE 9 Data File:
* FileName = C:\Seabird\CTDDATA\Sta0211.hex
* Software Version Seasave V 7.26.7.107
* Temperature SN = 4535
* Conductivity SN = 4386
* Number of Bytes Per Scan = 44
* Number of Voltage Words = 5
* Number of Scans Averaged by the Deck Unit = 1
* NMEA Latitude = 80 37.39 N
* NMEA Longitude = 014 24.72 E
* NMEA UTC (Time) = Nov 07 2020 07:57:00
* NMEA baud rate = 9600
** Ship: "Kronprins Haakon"
** Station: 0211
** Echodepth: 166
** Log: 5060.04
** Moonpool(M)/Skuteside(S): S
** Wind-Dir Force(m/s): 11 13
** Air-temp (dry): 2.2
** Weather Sky:
** Sea Ice:
# nquan = 20                                
# nvalues = 164                         
# units = specified
# name 0 = prDM: Pressure, Digiquartz [db]
# name 1 = t068C: Temperature [IPTS-68, deg C]
# name 2 = t168C: Temperature, 2 [IPTS-68, deg C]
# name 3 = c0S/m: Conductivity [S/m]
# name 4 = c1S/m: Conductivity, 2 [S/m]
# name 5 = sbeox0V: Oxygen raw, SBE 43 [V]
# name 6 = sbeox1V: Oxygen raw, SBE 43, 2 [V]
# name 7 = wetCDOM: Fluorescence, WET Labs CDOM [mg/m^3]
# name 8 = CStarTr0: Beam Transmission, WET Labs C-Star [%]
# name 9 = altM: Altimeter [m]
# name 10 = par: PAR/Irradiance, Biospherical/Licor [umol photons/m^2/sec]
# name 11 = spar: SPAR, Biospherical/Licor [umol photons/m^2/sec]
# name 12 = sbeox0ML/L: Oxygen, SBE 43 [ml/l], WS = 2
# name 13 = sbeox1ML/L: Oxygen, SBE 43, 2 [ml/l], WS = 2
# name 14 = sal00: Salinity, Practical [PSU]
# name 15 = sal11: Salinity, Practical, 2 [PSU]
# name 16 = sigma-é00: Density [sigma-theta, kg/m^3]
# name 17 = svCM: Sound Velocity [Chen-Millero, m/s]
# name 18 = avgsvCM: Average Sound Velocity [Chen-Millero, m/s], minP = 1, minS = 20
# name 19 = flag: flag
# span 0 =      3.000,    169.000       
# span 1 =     3.5336,     5.0526       
# span 2 =     3.5321,     5.0525       
# span 3 =   3.173614,   3.352511       
# span 4 =   3.173237,   3.352387       
# span 5 =     2.4244,     2.5361       
# span 6 =     2.3922,     2.5049       
# span 7 =     1.5842,     1.7674       
# span 8 =    93.4901,    94.9141       
# span 9 =       0.93,      98.97       
# span 10 = 5.0749e-02, 6.7820e-01      
# span 11 = 0.0000e+00, 0.0000e+00      
# span 12 =     6.6726,     7.1750      
# span 13 =     6.6225,     7.1322      
# span 14 =    34.5156,    35.0564      
# span 15 =    34.5140,    35.0548      
# span 16 =    27.4478,    27.7619      
# span 17 =    1464.09,    1472.50      
# span 18 =    1464.09,    1470.40      
# span 19 = 0.0000e+00, 0.0000e+00      
# interval = decibars: 1                
# start_time = Nov 07 2020 07:57:00 [System UTC, first data scan.]
# bad_flag = -9.990e-29
*END*
      3.000     3.5340     3.5321   3.173614   3.173237     2.5140     2.4823     1.6992    93.4901      98.41 2.3499e-01 0.0000e+00     7.1298     7.0880    34.5165    34.5140    27.4486    1464.09    1464.09 0.0000e+00
      4.000     3.5386     3.5416   3.174148   3.174420     2.5201     2.4860     1.7639    93.5154      98.61 1.4596e-01 0.0000e+00     7.1556     7.0809    34.5175    34.5176    27.4490    1464.13    1464.10 0.0000e+00
      5.000     3.5435     3.5451   3.174730   3.174917     2.5208     2.4876     1.7470    93.6308      98.62 1.0653e-01 0.0000e+00     7.1617     7.1090    34.5187    34.5193    27.4495    1464.17    1464.12 0.0000e+00
      6.000     3.5392     3.5407   3.174314   3.174494     2.5215     2.4902     1.6627    93.9521      98.62 6.6745e-02 0.0000e+00     7.1580     7.1129    34.5177    34.5183    27.4491    1464.17    1464.12 0.0000e+00
      7.000     3.5404     3.5397   3.174455   3.174438     2.5214     2.4911     1.7374    94.0442      93.68 6.0346e-02 0.0000e+00     7.1575     7.1093    34.5176    34.5181    27.4489    1464.19    1464.13 0.0000e+00
      8.000     3.5336     3.5323   3.173738   3.173611     2.5214     2.4910     1.6870    94.1147      98.63 5.0772e-02 0.0000e+00     7.1600     7.1116    34.5156    34.5155    27.4480    1464.17    1464.14 0.0000e+00
      9.000     3.5353     3.5360   3.173927   3.174020     2.5214     2.4917     1.7162    94.1690      67.55 5.0749e-02 0.0000e+00     7.1606     7.1233    34.5156    34.5159    27.4478    1464.20    1464.14 0.0000e+00
     10.000     3.5399     3.5432   3.174490   3.174852     2.5214     2.4935     1.7111    94.1859      97.79 5.0749e-02 0.0000e+00     7.1604     7.1301    34.5169    34.5178    27.4484    1464.23    1464.15 0.0000e+00
     11.000     3.5385     3.5368   3.174423   3.174268 -9.990e-29     2.4945     1.7631    94.2007      86.43 5.0749e-02 0.0000e+00 -9.990e-29     7.1295    34.5170    34.5170    27.4487    1464.24    1464.16 0.0000e+00
     12.000     3.5345     3.5349   3.174024   3.174099 -9.990e-29     2.4947     1.7497    94.2202      77.22 5.0749e-02 0.0000e+00 -9.990e-29     7.1261    34.5159    34.5164    27.4482    1464.24    1464.17 0.0000e+00
     13.000     3.5350     3.5345   3.174128   3.174097 -9.990e-29     2.4947     1.7076    94.2506      98.62 5.0749e-02 0.0000e+00 -9.990e-29     7.1230    34.5161    34.5162    27.4483    1464.26    1464.18 0.0000e+00
     14.000     3.5381     3.5361   3.174479   3.174288     2.5228     2.4937     1.7674    94.2545      75.60 5.0749e-02 0.0000e+00     7.1750     7.1223    34.5165    34.5163    27.4483    1464.29    1464.18 0.0000e+00
     15.000     3.5567     3.5623   3.176507   3.177072     2.5231     2.4945     1.7182    94.2814      83.07 5.0749e-02 0.0000e+00     7.1745     7.1322    34.5206    34.5214    27.4497    1464.39    1464.20 0.0000e+00
     16.000     3.6165     3.6225   3.183107   3.183721     2.5238     2.4959     1.6660    94.3043      98.55 5.0749e-02 0.0000e+00     7.1721     7.1237    34.5359    34.5369    27.4560    1464.68    1464.23 0.0000e+00
     17.000     3.7208     3.7331   3.194828   3.196136     2.5252     2.4962     1.6859    94.3323      98.62 5.0749e-02 0.0000e+00     7.1685     7.1031    34.5653    34.5680    27.4691    1465.17    1464.28 0.0000e+00
     18.000     3.8938     3.9038   3.214623   3.215609     2.5280     2.4987     1.6898    94.3431      43.75 5.0749e-02 0.0000e+00     7.1642     7.0962    34.6182    34.6193    27.4936    1465.98    1464.38 0.0000e+00
     19.000     4.0357     4.0406   3.230858   3.231311     2.5327     2.5026     1.7026    94.3764      68.27 5.0749e-02 0.0000e+00     7.1564     7.0799    34.6608    34.6610    27.5128    1466.64    1464.50 0.0000e+00
     20.000     4.1271     4.1313   3.241339   3.241627     2.5361     2.5049     1.6527    94.4185      49.72 5.0749e-02 0.0000e+00     7.1142     7.0516    34.6880    34.6870    27.5249    1467.07    1464.62 0.0000e+00
     21.000     4.1850     4.1863   3.247940   3.248012     2.5355     2.5045     1.6500    94.4340      79.28 5.0749e-02 0.0000e+00     7.0650     7.0266    34.7045    34.7040    27.5319    1467.35    1464.75 0.0000e+00
     22.000     4.2229     4.2233   3.252288   3.252251     2.5329     2.5034     1.6823    94.4153      59.23 5.0749e-02 0.0000e+00     7.0352     7.0118    34.7154    34.7146    27.5366    1467.54    1464.88 0.0000e+00
     23.000     4.2400     4.2399   3.254259   3.254169     2.5298     2.5018     1.6831    94.5451      98.59 5.0749e-02 0.0000e+00     7.0167     7.0030    34.7202    34.7192    27.5385    1467.63    1465.00 0.0000e+00
     24.000     4.2708     4.2715   3.257664   3.257655     2.5266     2.5003     1.6587    94.5576      47.94 5.0749e-02 0.0000e+00     7.0074     6.9944    34.7273    34.7265    27.5409    1467.78    1465.12 0.0000e+00
     25.000     4.3155     4.3155   3.262632   3.262568     2.5246     2.4991     1.6491    94.5753      96.39 5.0749e-02 0.0000e+00     7.0104     6.9833    34.7383    34.7375    27.5448    1468.00    1465.23 0.0000e+00
     26.000     4.3472     4.3480   3.266153   3.266159     2.5242     2.4983     1.6829    94.5797      84.02 5.0749e-02 0.0000e+00     7.0217     6.9789    34.7459    34.7451    27.5474    1468.16    1465.34 0.0000e+00
     27.000     4.3712     4.3716   3.268818   3.268824     2.5248     2.4977     1.7254    94.5995      87.84 5.0749e-02 0.0000e+00     7.0175     6.9714    34.7514    34.7511    27.5492    1468.28    1465.45 0.0000e+00
     28.000     4.3898     4.3902   3.270819   3.270839     2.5243     2.4966     1.7408    94.6285      98.67 5.0749e-02 0.0000e+00     7.0049     6.9666    34.7548    34.7547    27.5499    1468.38    1465.56 0.0000e+00
     29.000     4.4125     4.4127   3.273273   3.273261     2.5236     2.4965     1.7099    94.6494      97.96 5.0749e-02 0.0000e+00     6.9982     6.9670    34.7593    34.7589    27.5510    1468.49    1465.66 0.0000e+00
     30.000     4.4204     4.4204   3.274202   3.274171     2.5230     2.4963     1.6559    94.6746      92.58 5.0749e-02 0.0000e+00     6.9960     6.9618    34.7613    34.7610    27.5518    1468.54    1465.75 0.0000e+00
     31.000     4.4270     4.4274   3.274967   3.274986 -9.990e-29 -9.990e-29     1.6926    94.6618      79.67 5.0749e-02 0.0000e+00 -9.990e-29 -9.990e-29    34.7629    34.7627    27.5523    1468.59    1465.84 0.0000e+00
     32.000     4.4475     4.4467   3.277168   3.277066 -9.990e-29 -9.990e-29     1.7361    94.6615      78.32 5.0749e-02 0.0000e+00 -9.990e-29 -9.990e-29    34.7666    34.7662    27.5530    1468.70    1465.93 0.0000e+00
     33.000     4.4595     4.4579   3.278450   3.278251 -9.990e-29 -9.990e-29     1.6496    94.6775      98.63 5.0749e-02 0.0000e+00 -9.990e-29 -9.990e-29    34.7685    34.7678    27.5532    1468.76    1466.02 0.0000e+00
     34.000     4.4660     4.4681   3.279206   3.279372 -9.990e-29 -9.990e-29     1.6491    94.7003      63.56 5.0749e-02 0.0000e+00 -9.990e-29 -9.990e-29    34.7700    34.7697    27.5537    1468.81    1466.10 0.0000e+00
     35.000     4.4827     4.4830   3.281050   3.281055     2.5217     2.4936     1.7523    94.7002      97.97 5.0749e-02 0.0000e+00     6.9898     6.9494    34.7735    34.7733    27.5547    1468.90    1466.18 0.0000e+00
     36.000     4.4865     4.4866   3.281523   3.281504     2.5217     2.4935     1.6610    94.7130      95.67 5.0749e-02 0.0000e+00     6.9869     6.9463    34.7746    34.7742    27.5551    1468.93    1466.26 0.0000e+00
     37.000     4.4910     4.4926   3.282086   3.282233     2.5211     2.4929     1.6243    94.7100      71.65 5.0749e-02 0.0000e+00     6.9852     6.9373    34.7759    34.7759    27.5557    1468.97    1466.33 0.0000e+00
     38.000     4.4966     4.4963   3.282727   3.282668     2.5208     2.4914     1.6362    94.7209      70.53 5.0749e-02 0.0000e+00     6.9839     6.9340    34.7770    34.7766    27.5559    1469.01    1466.40 0.0000e+00
     39.000     4.5008     4.4999   3.283225   3.283094     2.5205     2.4911     1.6671    94.7119      57.51 5.0749e-02 0.0000e+00     6.9860     6.9400    34.7779    34.7773    27.5562    1469.04    1466.47 0.0000e+00
     40.000     4.5047     4.5058   3.283690   3.283767     2.5205     2.4913     1.7097    94.7348      98.53 5.0749e-02 0.0000e+00     6.9870     6.9439    34.7787    34.7784    27.5564    1469.08    1466.53 0.0000e+00
     41.000     4.5092     4.5094   3.284223   3.284190     2.5204     2.4914     1.7510    94.7382      58.91 5.0749e-02 0.0000e+00     6.9846     6.9322    34.7797    34.7791    27.5567    1469.11    1466.60 0.0000e+00
     42.000     4.5166     4.5165   3.285081   3.285025     2.5202     2.4891     1.7598    94.7446      98.97 5.0749e-02 0.0000e+00     6.9853     6.9198    34.7814    34.7809    27.5573    1469.16    1466.66 0.0000e+00
     43.000     4.5212     4.5211   3.285631   3.285561     2.5203     2.4884     1.7082    94.7589      98.61 5.0749e-02 0.0000e+00     6.9836     6.9322    34.7825    34.7818    27.5576    1469.20    1466.72 0.0000e+00
     44.000     4.5232     4.5231   3.285872   3.285836     2.5198     2.4893     1.6816    94.7595      91.43 5.0749e-02 0.0000e+00     6.9796     6.9411    34.7827    34.7824    27.5575    1469.22    1466.77 0.0000e+00
     45.000     4.5297     4.5298   3.286628   3.286580     2.5195     2.4899     1.6791    94.7724      87.59 5.0749e-02 0.0000e+00     6.9818     6.9407    34.7842    34.7835    27.5580    1469.27    1466.83 0.0000e+00
     46.000     4.5574     4.5572   3.289831   3.289700     2.5196     2.4905     1.6225    94.7718      58.46 5.0749e-02 0.0000e+00     6.9832     6.9329    34.7921    34.7907    27.5612    1469.41    1466.88 0.0000e+00
     47.000     4.5844     4.5843   3.292987   3.292909     2.5201     2.4900     1.6463    94.7760      86.52 5.0749e-02 0.0000e+00     6.9824     6.9279    34.8001    34.7993    27.5646    1469.55    1466.94 0.0000e+00
     48.000     4.5962     4.5957   3.294424   3.294311     2.5204     2.4905     1.7419    94.7762      97.99 5.0749e-02 0.0000e+00     6.9745     6.9228    34.8040    34.8032    27.5664    1469.62    1467.00 0.0000e+00
     49.000     4.6046     4.6054   3.295461   3.295490     2.5199     2.4889     1.6518    94.7854      77.18 5.0749e-02 0.0000e+00     6.9623     6.9086    34.8068    34.8063    27.5677    1469.67    1467.05 0.0000e+00
     50.000     4.6118     4.6113   3.296346   3.296245     2.5187     2.4875     1.5881    94.8057      90.45 5.0749e-02 0.0000e+00     6.9542     6.9100    34.8090    34.8084    27.5687    1469.72    1467.10 0.0000e+00
     51.000     4.6128     4.6125   3.296641   3.296585     2.5176     2.4873     1.6293    94.8043      98.73 5.0749e-02 0.0000e+00     6.9516     6.9166    34.8109    34.8106    27.5701    1469.74    1467.16 0.0000e+00
     52.000     4.6045     4.6041   3.296122   3.296075     2.5163     2.4876     1.6492    94.8043      93.87 5.0749e-02 0.0000e+00     6.9492     6.9177    34.8130    34.8129    27.5727    1469.73    1467.20 0.0000e+00
     53.000     4.5740     4.5718   3.293684   3.293500     2.5152     2.4871     1.6093    94.8043      96.37 5.0749e-02 0.0000e+00     6.9500     6.9160    34.8160    34.8162    27.5785    1469.62    1467.25 0.0000e+00
     54.000     4.5518     4.5514   3.291947   3.291867     2.5135     2.4852     1.6585    94.8043      60.31 5.0749e-02 0.0000e+00     6.9411     6.9000    34.8185    34.8180    27.5829    1469.55    1467.29 0.0000e+00
     55.000     4.6333     4.6372   3.301340   3.301520     2.5115     2.4818     1.6857    94.8048      98.30 5.0749e-02 0.0000e+00     6.9341     6.8770    34.8422    34.8402    27.5927    1469.93    1467.34 0.0000e+00
     56.000     4.7077     4.7090   3.309592   3.309537     2.5120     2.4805     1.7095    94.8297      73.69 5.0749e-02 0.0000e+00     6.9350     6.8597    34.8599    34.8579    27.5984    1470.28    1467.39 0.0000e+00
     57.000     4.7694     4.7716   3.316555   3.316595     2.5119     2.4773     1.6799    94.8303      67.61 5.0749e-02 0.0000e+00     6.9056     6.8245    34.8758    34.8740    27.6040    1470.56    1467.45 0.0000e+00
     58.000     4.7973     4.7985   3.319756   3.319733     2.5094     2.4730     1.5984    94.8303      73.61 5.0749e-02 0.0000e+00     6.8603     6.7992    34.8833    34.8818    27.6068    1470.70    1467.50 0.0000e+00
     59.000     4.8088     4.8092   3.321173   3.321116     2.5045     2.4680     1.5894    94.8303      87.83 5.0749e-02 0.0000e+00     6.8271     6.7789    34.8872    34.8861    27.6086    1470.77    1467.56 0.0000e+00
     60.000     4.8132     4.8135   3.321905   3.321867     2.4993     2.4634     1.6584    94.8314      67.00 5.0749e-02 0.0000e+00     6.8157     6.7694    34.8906    34.8898    27.6107    1470.81    1467.61 0.0000e+00
     61.000     4.8168     4.8171   3.322468   3.322416     2.4951     2.4597     1.6835    94.8401      64.65 5.0749e-02 0.0000e+00     6.8107     6.7653    34.8928    34.8919    27.6121    1470.85    1467.67 0.0000e+00
     62.000     4.8287     4.8295   3.323934   3.323942     2.4918     2.4579     1.6643    94.8575      88.16 5.0749e-02 0.0000e+00     6.8123     6.7800    34.8968    34.8961    27.6140    1470.92    1467.72 0.0000e+00
     63.000     4.8452     4.8468   3.325829   3.325874     2.4900     2.4591     1.6656    94.8738      45.19 5.0749e-02 0.0000e+00     6.8196     6.7861    34.9010    34.8999    27.6154    1471.00    1467.77 0.0000e+00
     64.000     4.8801     4.8815   3.329883   3.329914     2.4893     2.4593     1.6554    94.8802      91.50 5.0749e-02 0.0000e+00     6.8225     6.7770    34.9110    34.9099    27.6194    1471.18    1467.82 0.0000e+00
     65.000     4.8958     4.8958   3.331746   3.331651     2.4893     2.4591     1.6033    94.8857      86.71 5.0749e-02 0.0000e+00     6.8174     6.7694    34.9157    34.9146    27.6213    1471.26    1467.88 0.0000e+00
     66.000     4.9176     4.9189   3.334292   3.334269     2.4882     2.4583     1.5842    94.9051      60.10 5.0749e-02 0.0000e+00     6.8007     6.7627    34.9219    34.9202    27.6237    1471.37    1467.93 0.0000e+00
     67.000     4.9318     4.9325   3.335844   3.335805     2.4868     2.4574     1.6284    94.9001      83.36 5.0749e-02 0.0000e+00     6.7921     6.7526    34.9245    34.9233    27.6241    1471.45    1467.98 0.0000e+00
     68.000     4.9344     4.9341   3.336170   3.336035     2.4853     2.4558     1.6798    94.8980      57.14 5.0749e-02 0.0000e+00     6.7855     6.7371    34.9250    34.9237    27.6242    1471.48    1468.03 0.0000e+00
     69.000     4.9381     4.9379   3.336611   3.336474     2.4835     2.4519     1.5906    94.9052      98.11 5.0749e-02 0.0000e+00     6.7807     6.7197    34.9257    34.9243    27.6243    1471.51    1468.08 0.0000e+00
     70.000     4.9431     4.9422   3.337234   3.337002     2.4822     2.4495     1.6781    94.9138      98.60 5.0749e-02 0.0000e+00     6.7811     6.7217    34.9272    34.9254    27.6249    1471.55    1468.13 0.0000e+00
     71.000     4.9521     4.9528   3.338405   3.338353     2.4814     2.4477     1.6846    94.9141      98.38 5.0749e-02 0.0000e+00     6.7825     6.7192    34.9308    34.9294    27.6268    1471.61    1468.18 0.0000e+00
     72.000     4.9595     4.9604   3.339365   3.339348     2.4808     2.4474     1.6834    94.9085      97.78 5.0749e-02 0.0000e+00     6.7782     6.7279    34.9336    34.9325    27.6282    1471.66    1468.23 0.0000e+00
     73.000     4.9629     4.9633   3.339829   3.339776     2.4798     2.4474     1.7008    94.9028      97.12 5.0749e-02 0.0000e+00     6.7690     6.7201    34.9349    34.9339    27.6288    1471.69    1468.28 0.0000e+00
     74.000     4.9642     4.9645   3.340012   3.339974     2.4781     2.4456     1.7114    94.8917      96.30 5.0749e-02 0.0000e+00     6.7604     6.7115    34.9351    34.9344    27.6289    1471.71    1468.32 0.0000e+00
